0 0.0865885466337204 0.054398149251937866 0.0768229216337204 0.0347222238779068 
0 0.0299479179084301 0.1076388880610466 0.0598958358168602 0.039351850748062134 
0 0.0345052108168602 0.15625 0.0690104216337204 0.04398148134350777 
0 0.02864583395421505 0.21759259700775146 0.0572916679084301 0.05092592537403107 
0 0.0299479179084301 0.2673611044883728 0.0598958358168602 0.0486111119389534 
0 0.0279947929084301 0.32754629850387573 0.0559895858168602 0.05324074253439903 
0 0.0377604179084301 0.37731480598449707 0.0755208358168602 0.05092592537403107 
0 0.03515625 0.4340277910232544 0.0703125 0.0625 
0 0.033203125 0.5011574029922485 0.06640625 0.0625 
0 0.0319010429084301 0.5740740895271301 0.0638020858168602 0.08796296268701553 
0 0.0299479179084301 0.6493055820465088 0.0598958358168602 0.09490741044282913 
0 0.029296875 0.7083333134651184 0.05859375 0.10185185074806213 
0 0.03515625 0.756944477558136 0.0703125 0.13425925374031067 
0 0.0475260429084301 0.7824074029922485 0.04296875 0.05092592537403107 
0 0.0625 0.8321759104728699 0.0494791679084301 0.04398148134350777 
0 0.0514322929084301 0.9351851940155029 0.07421875 0.125 
0 0.1634114682674408 0.9282407760620117 0.0950520858168602 0.07407407462596893 
0 0.2200520932674408 0.8784722089767456 0.0911458358168602 0.0625 
0 0.1686197966337204 0.8460648059844971 0.0403645858168602 0.0347222238779068 
0 0.1705729216337204 0.8078703880310059 0.0520833358168602 0.03703703731298447 
0 0.1868489682674408 0.7546296119689941 0.0924479216337204 0.0555555559694767 
0 0.1399739682674408 0.7013888955116272 0.0768229216337204 0.04629629850387573 
0 0.0970052108168602 0.6597222089767456 0.0455729179084301 0.0416666679084301 
0 0.1009114608168602 0.59375 0.08203125 0.06712962687015533 
0 0.1171875 0.5358796119689941 0.09375 0.0486111119389534 
0 0.11328125 0.4803240895271301 0.0807291716337204 0.04398148134350777 
0 0.1106770858168602 0.4201388955116272 0.0416666679084301 0.030092593282461166 
0 0.1282552182674408 0.37384259700775146 0.0950520858168602 0.0347222238779068 
0 0.119140625 0.31134259700775146 0.1002604216337204 0.039351850748062134 
0 0.1171875 0.2604166567325592 0.09375 0.0347222238779068 
0 0.095703125 0.2013888955116272 0.05078125 0.032407406717538834 
0 0.138671875 0.15046297013759613 0.0768229216337204 0.032407406717538834 
0 0.1236979216337204 0.09837962687015533 0.078125 0.0347222238779068 
0 0.21484375 0.04976851865649223 0.0963541716337204 0.0347222238779068 
0 0.2454427182674408 0.10185185074806213 0.0950520858168602 0.032407406717538834 
0 0.232421875 0.15162037312984467 0.0924479216337204 0.030092593282461166 
0 0.2102864682674408 0.2013888955116272 0.08203125 0.032407406717538834 
0 0.21875 0.25810185074806213 0.1015625 0.030092593282461166 
0 0.2083333432674408 0.31134259700775146 0.0520833358168602 0.030092593282461166 
0 0.2467447966337204 0.36574074625968933 0.0950520858168602 0.032407406717538834 
0 0.2415364682674408 0.4201388955116272 0.0950520858168602 0.0347222238779068 
0 0.2317708432674408 0.47337964177131653 0.09375 0.030092593282461166 
0 0.23046875 0.5243055820465088 0.0729166716337204 0.0347222238779068 
0 0.2109375 0.5821759104728699 0.0598958358168602 0.0347222238779068 
0 0.2486979216337204 0.631944477558136 0.0442708358168602 0.03703703731298447 
0 0.2506510615348816 0.6967592835426331 0.0768229216337204 0.03703703731298447 
0 0.2682291865348816 0.7523148059844971 0.0390625 0.03703703731298447 
0 0.2903645932674408 0.7916666865348816 0.0520833358168602 0.03703703731298447 
0 0.318359375 0.8634259104728699 0.09765625 0.032407406717538834 
0 0.30078125 0.9166666865348816 0.0755208358168602 0.0416666679084301 
0 0.36328125 0.9479166865348816 0.0729166716337204 0.030092593282461166 
0 0.4563802182674408 0.9085648059844971 0.0377604179084301 0.039351850748062134 
0 0.47265625 0.8587962985038757 0.0755208358168602 0.04629629850387573 
0 0.5455729365348816 0.7951388955116272 0.0755208358168602 0.039351850748062134 
0 0.6490885615348816 0.7951388955116272 0.0403645858168602 0.039351850748062134 
0 0.6458333730697632 0.8449074029922485 0.2604166865348816 0.06018518656492233 
0 0.7467448115348816 0.9328703880310059 0.08984375 0.05092592537403107 
0 0.60546875 0.9456018805503845 0.0833333358168602 0.0347222238779068 
0 0.478515625 0.9479166865348816 0.08203125 0.0347222238779068 
0 0.419921875 0.788194477558136 0.08203125 0.030092593282461166 
0 0.3684895932674408 0.7372685074806213 0.0390625 0.030092593282461166 
0 0.4947916865348816 0.7453703880310059 0.0390625 0.03703703731298447 
0 0.5260416865348816 0.6909722089767456 0.0390625 0.039351850748062134 
0 0.5611979365348816 0.6307870149612427 0.1041666716337204 0.039351850748062134 
0 0.564453125 0.5752314925193787 0.1106770858168602 0.0486111119389534 
0 0.6477864980697632 0.5821759104728699 0.04296875 0.0347222238779068 
0 0.6809896230697632 0.6331018805503845 0.0963541716337204 0.030092593282461166 
0 0.6640625 0.6898148059844971 0.0572916679084301 0.03703703731298447 
0 0.6946614980697632 0.7395833134651184 0.0481770858168602 0.0347222238779068 
0 0.662109375 0.5300925970077515 0.0533854179084301 0.032407406717538834 
0 0.6399739980697632 0.4756944477558136 0.0481770858168602 0.030092593282461166 
0 0.6946614980697632 0.42245370149612427 0.0794270858168602 0.0347222238779068 
0 0.658203125 0.36921295523643494 0.0403645858168602 0.030092593282461166 
0 0.6223958730697632 0.2615740895271301 0.0989583358168602 0.03703703731298447 
0 0.6712239980697632 0.20601852238178253 0.09765625 0.032407406717538834 
0 0.548828125 0.20949074625968933 0.0768229216337204 0.0347222238779068 
0 0.6686198115348816 0.1527777761220932 0.0455729179084301 0.032407406717538834 
0 0.5657552480697632 0.15162037312984467 0.0481770858168602 0.030092593282461166 
0 0.5598958730697632 0.09837962687015533 0.0572916679084301 0.030092593282461166 
0 0.6770833730697632 0.04629629850387573 0.0963541716337204 0.03703703731298447 
0 0.5247396230697632 0.04976851865649223 0.0963541716337204 0.039351850748062134 
0 0.4654948115348816 0.1006944477558136 0.0924479216337204 0.030092593282461166 
0 0.3359375 0.09837962687015533 0.0520833358168602 0.030092593282461166 
0 0.3470052182674408 0.14699074625968933 0.0950520858168602 0.030092593282461166 
0 0.4609375 0.1527777761220932 0.0807291716337204 0.032407406717538834 
0 0.4485677182674408 0.20023147761821747 0.0872395858168602 0.0347222238779068 
0 0.3287760615348816 0.20601852238178253 0.0924479216337204 0.03703703731298447 
0 0.3268229365348816 0.2569444477558136 0.0729166716337204 0.02777777798473835 
0 0.4537760615348816 0.25810185074806213 0.1002604216337204 0.0347222238779068 
0 0.4609375 0.31828704476356506 0.0416666679084301 0.030092593282461166 
0 0.333984375 0.315972238779068 0.0950520858168602 0.030092593282461166 
0 0.3470052182674408 0.36689814925193787 0.0690104216337204 0.0347222238779068 
0 0.4375 0.37037038803100586 0.0755208358168602 0.032407406717538834 
0 0.4420573115348816 0.4236111044883728 0.05078125 0.032407406717538834 
0 0.3450520932674408 0.41550925374031067 0.0833333358168602 0.030092593282461166 
0 0.341796875 0.47685185074806213 0.0950520858168602 0.032407406717538834 
0 0.337890625 0.5324074029922485 0.07421875 0.032407406717538834 
0 0.3307291865348816 0.5752314925193787 0.1015625 0.0347222238779068 
0 0.43359375 0.5810185074806213 0.0390625 0.032407406717538834 
0 0.4856770932674408 0.5324074029922485 0.09375 0.032407406717538834 
0 0.458984375 0.47800925374031067 0.08984375 0.0347222238779068 
0 0.400390625 0.6331018805503845 0.0377604179084301 0.0347222238779068 
0 0.421875 0.6840277910232544 0.09375 0.030092593282461166 
