0 0.0364583358168602 0.20023147761821747 0.0729166716337204 0.039351850748062134 
0 0.1139322966337204 0.23032407462596893 0.07421875 0.039351850748062134 
0 0.2102864682674408 0.21296297013759613 0.04296875 0.03703703731298447 
0 0.3326823115348816 0.19560185074806213 0.07421875 0.0347222238779068 
0 0.4466145932674408 0.1979166716337204 0.0390625 0.0347222238779068 
0 0.56640625 0.19907407462596893 0.0520833358168602 0.03703703731298447 
0 0.693359375 0.19560185074806213 0.04296875 0.0347222238779068 
0 0.6875 0.2673611044883728 0.09375 0.04398148134350777 
0 0.5514323115348816 0.2638888955116272 0.0794270858168602 0.03703703731298447 
0 0.4290364682674408 0.25810185074806213 0.0768229216337204 0.039351850748062134 
0 0.3092448115348816 0.2569444477558136 0.0377604179084301 0.032407406717538834 
0 0.1536458432674408 0.27314814925193787 0.0989583358168602 0.03703703731298447 
0 0.0852864608168602 0.32523149251937866 0.0768229216337204 0.0347222238779068 
0 0.03059895895421505 0.37731480598449707 0.0611979179084301 0.04629629850387573 
0 0.0416666679084301 0.4236111044883728 0.0833333358168602 0.05092592537403107 
0 0.04296875 0.4583333432674408 0.0234375 0.02777777798473835 
0 0.0970052108168602 0.46759259700775146 0.0794270858168602 0.032407406717538834 
0 0.029296875 0.5358796119689941 0.05859375 0.04398148134350777 
0 0.052734375 0.5925925970077515 0.09765625 0.0416666679084301 
0 0.037109375 0.6504629850387573 0.07421875 0.0416666679084301 
0 0.0403645858168602 0.7083333134651184 0.0807291716337204 0.06481481343507767 
0 0.0325520858168602 0.7719907760620117 0.0651041716337204 0.0625 
0 0.01888020895421505 0.8483796119689941 0.0377604179084301 0.07175926119089127 
0 0.0325520858168602 0.9236111044883728 0.0651041716337204 0.10648148506879807 
0 0.076171875 0.9375 0.0455729179084301 0.04629629850387573 
0 0.1393229216337204 0.9745370149612427 0.078125 0.04629629850387573 
0 0.189453125 0.8946759104728699 0.0403645858168602 0.0347222238779068 
0 0.111328125 0.8634259104728699 0.07421875 0.0555555559694767 
0 0.1100260466337204 0.8055555820465088 0.05078125 0.03703703731298447 
0 0.111328125 0.7511574029922485 0.0768229216337204 0.04398148134350777 
0 0.1341145932674408 0.6909722089767456 0.0963541716337204 0.030092593282461166 
0 0.123046875 0.6400462985038757 0.0481770858168602 0.030092593282461166 
0 0.2161458432674408 0.5868055820465088 0.0729166716337204 0.030092593282461166 
0 0.115234375 0.5300925970077515 0.0950520858168602 0.032407406717538834 
0 0.2174479216337204 0.46875 0.1015625 0.030092593282461166 
0 0.2174479216337204 0.5289351940155029 0.0989583358168602 0.030092593282461166 
0 0.2154947966337204 0.42129629850387573 0.0403645858168602 0.032407406717538834 
0 0.1171875 0.42129629850387573 0.046875 0.032407406717538834 
0 0.1438802182674408 0.3715277910232544 0.09765625 0.030092593282461166 
0 0.1940104216337204 0.32060185074806213 0.078125 0.0347222238779068 
0 0.2272135466337204 0.36921295523643494 0.0533854179084301 0.030092593282461166 
0 0.3216145932674408 0.32870370149612427 0.0963541716337204 0.032407406717538834 
0 0.357421875 0.37037038803100586 0.0924479216337204 0.032407406717538834 
0 0.3489583432674408 0.42129629850387573 0.0833333358168602 0.032407406717538834 
0 0.3658854365348816 0.47106480598449707 0.0546875 0.030092593282461166 
0 0.326171875 0.5277777910232544 0.07421875 0.02777777798473835 
0 0.32421875 0.5891203880310059 0.0520833358168602 0.030092593282461166 
0 0.3333333432674408 0.6388888955116272 0.0755208358168602 0.032407406717538834 
0 0.341796875 0.6898148059844971 0.0768229216337204 0.032407406717538834 
0 0.2161458432674408 0.6921296119689941 0.0494791679084301 0.032407406717538834 
0 0.2447916716337204 0.6377314925193787 0.0677083358168602 0.030092593282461166 
0 0.2291666716337204 0.7465277910232544 0.09375 0.030092593282461166 
0 0.3307291865348816 0.75 0.0755208358168602 0.032407406717538834 
0 0.2565104365348816 0.8020833134651184 0.0755208358168602 0.0347222238779068 
0 0.2747395932674408 0.8483796119689941 0.015625 0.030092593282461166 
0 0.291015625 0.9004629850387573 0.0377604179084301 0.032407406717538834 
0 0.2493489682674408 0.96875 0.0768229216337204 0.039351850748062134 
0 0.36328125 0.9259259104728699 0.09375 0.06018518656492233 
0 0.3424479365348816 0.8518518805503845 0.078125 0.03703703731298447 
0 0.4212239682674408 0.9548611044883728 0.0950520858168602 0.0347222238779068 
0 0.4544270932674408 0.9050925970077515 0.078125 0.032407406717538834 
0 0.4615885615348816 0.8472222089767456 0.0924479216337204 0.032407406717538834 
0 0.4576823115348816 0.7997685074806213 0.0924479216337204 0.030092593282461166 
0 0.451171875 0.75 0.0768229216337204 0.032407406717538834 
0 0.4537760615348816 0.694444477558136 0.0768229216337204 0.032407406717538834 
0 0.4381510615348816 0.6412037014961243 0.05078125 0.032407406717538834 
0 0.4596354365348816 0.5868055820465088 0.0807291716337204 0.030092593282461166 
0 0.4479166865348816 0.5277777910232544 0.0989583358168602 0.032407406717538834 
0 0.4622395932674408 0.4236111044883728 0.09375 0.032407406717538834 
0 0.4524739682674408 0.3715277910232544 0.0559895858168602 0.030092593282461166 
0 0.42578125 0.32060185074806213 0.0755208358168602 0.0347222238779068 
0 0.5436198115348816 0.32060185074806213 0.1419270932674408 0.039351850748062134 
0 0.5826823115348816 0.37268519401550293 0.0611979179084301 0.032407406717538834 
0 0.5651041865348816 0.4791666567325592 0.0963541716337204 0.0416666679084301 
0 0.5611979365348816 0.5324074029922485 0.0989583358168602 0.04629629850387573 
0 0.58203125 0.5833333134651184 0.0989583358168602 0.0416666679084301 
0 0.626953125 0.6400462985038757 0.2018229216337204 0.04398148134350777 
0 0.578125 0.6909722089767456 0.0963541716337204 0.0347222238779068 
0 0.56640625 0.7488425970077515 0.09375 0.0347222238779068 
0 0.5481771230697632 0.8055555820465088 0.0390625 0.032407406717538834 
0 0.5462239980697632 0.8564814925193787 0.0403645858168602 0.032407406717538834 
0 0.54296875 0.9120370149612427 0.0390625 0.032407406717538834 
0 0.5247396230697632 0.9652777910232544 0.0390625 0.03703703731298447 
0 0.6634114980697632 0.9618055820465088 0.0559895858168602 0.0347222238779068 
0 0.6907552480697632 0.8576388955116272 0.0403645858168602 0.0347222238779068 
0 0.6471354365348816 0.7986111044883728 0.1536458432674408 0.0416666679084301 
0 0.6796875 0.7453703880310059 0.1015625 0.03703703731298447 
0 0.6809896230697632 0.694444477558136 0.1041666716337204 0.03703703731298447 
0 0.6796875 0.6400462985038757 0.0520833358168602 0.030092593282461166 
0 0.6927083730697632 0.5902777910232544 0.078125 0.032407406717538834 
0 0.685546875 0.5347222089767456 0.0950520858168602 0.0416666679084301 
0 0.65625 0.47800925374031067 0.0546875 0.030092593282461166 
0 0.6881510615348816 0.42824074625968933 0.0950520858168602 0.03703703731298447 
0 0.6940104365348816 0.37731480598449707 0.0807291716337204 0.032407406717538834 
0 0.6484375 0.31712964177131653 0.0572916679084301 0.032407406717538834 
