0 0.037109375 0.061342593282461166 0.07421875 0.04398148134350777 
0 0.103515625 0.09375 0.0481770858168602 0.039351850748062134 
0 0.2115885466337204 0.07523148506879807 0.04296875 0.039351850748062134 
0 0.3326823115348816 0.06018518656492233 0.07421875 0.03703703731298447 
0 0.4401041865348816 0.061342593282461166 0.0520833358168602 0.0347222238779068 
0 0.5657552480697632 0.0625 0.0533854179084301 0.03703703731298447 
0 0.6861979365348816 0.0590277798473835 0.0572916679084301 0.039351850748062134 
0 0.6419271230697632 0.12615740299224854 0.078125 0.0347222238779068 
0 0.4798177182674408 0.12731482088565826 0.0377604179084301 0.032407406717538834 
0 0.42578125 0.18287037312984467 0.0755208358168602 0.03703703731298447 
0 0.3216145932674408 0.18981482088565826 0.0963541716337204 0.03703703731298447 
0 0.1940104216337204 0.18287037312984467 0.078125 0.03703703731298447 
0 0.1529947966337204 0.1354166716337204 0.09765625 0.039351850748062134 
0 0.0859375 0.18865740299224854 0.078125 0.0347222238779068 
0 0.03125 0.24074074625968933 0.0625 0.04629629850387573 
0 0.1438802182674408 0.23495370149612427 0.0950520858168602 0.030092593282461166 
0 0.2272135466337204 0.2326388955116272 0.0533854179084301 0.0347222238779068 
0 0.3450520932674408 0.23379629850387573 0.1197916716337204 0.032407406717538834 
0 0.4615885615348816 0.23495370149612427 0.0377604179084301 0.030092593282461166 
0 0.572265625 0.23495370149612427 0.0403645858168602 0.030092593282461166 
0 0.6627604365348816 0.18287037312984467 0.0963541716337204 0.03703703731298447 
0 0.6953125 0.23842592537403107 0.0859375 0.03703703731298447 
0 0.7174479365348816 0.2916666567325592 0.09375 0.0416666679084301 
0 0.5852864980697632 0.2916666567325592 0.0950520858168602 0.03703703731298447 
0 0.2161458432674408 0.284722238779068 0.0416666679084301 0.032407406717538834 
0 0.1178385466337204 0.284722238779068 0.0481770858168602 0.032407406717538834 
0 0.0852864608168602 0.33912035822868347 0.0794270858168602 0.0347222238779068 
0 0.2233072966337204 0.32523149251937866 0.0481770858168602 0.030092593282461166 
0 0.3489583432674408 0.33449074625968933 0.0755208358168602 0.030092593282461166 
0 0.4830729365348816 0.3402777910232544 0.0989583358168602 0.032407406717538834 
0 0.6712239980697632 0.3402777910232544 0.05859375 0.032407406717538834 
0 0.685546875 0.3993055522441864 0.0950520858168602 0.039351850748062134 
0 0.5611979365348816 0.3993055522441864 0.0989583358168602 0.039351850748062134 
0 0.4479166865348816 0.3923611044883728 0.0989583358168602 0.0347222238779068 
0 0.314453125 0.39120370149612427 0.05078125 0.02777777798473835 
0 0.2057291716337204 0.3923611044883728 0.078125 0.030092593282461166 
0 0.1145833358168602 0.39351850748062134 0.09375 0.032407406717538834 
0 0.09765625 0.4490740895271301 0.0885416716337204 0.032407406717538834 
0 0.0677083358168602 0.5104166865348816 0.0963541716337204 0.0347222238779068 
0 0.205078125 0.45023149251937866 0.09765625 0.030092593282461166 
0 0.3294270932674408 0.45023149251937866 0.0442708358168602 0.030092593282461166 
0 0.4342448115348816 0.45370370149612427 0.05859375 0.032407406717538834 
0 0.5631510615348816 0.4490740895271301 0.0950520858168602 0.0416666679084301 
0 0.5390625 0.5034722089767456 0.0520833358168602 0.0347222238779068 
0 0.6796875 0.506944477558136 0.1015625 0.03703703731298447 
0 0.4368489682674408 0.506944477558136 0.07421875 0.032407406717538834 
0 0.34765625 0.5011574029922485 0.0677083358168602 0.0347222238779068 
0 0.2213541716337204 0.5011574029922485 0.0494791679084301 0.030092593282461166 
0 0.1399739682674408 0.5567129850387573 0.0950520858168602 0.0347222238779068 
0 0.111328125 0.6157407164573669 0.0768229216337204 0.0416666679084301 
0 0.1067708358168602 0.6689814925193787 0.0755208358168602 0.05092592537403107 
0 0.1106770858168602 0.7268518805503845 0.0703125 0.05092592537403107 
0 0.0325520858168602 0.788194477558136 0.0651041716337204 0.10879629850387573 
0 0.013671875 0.7222222089767456 0.02734375 0.05092592537403107 
0 0.0299479179084301 0.6365740895271301 0.0598958358168602 0.06018518656492233 
0 0.3463541865348816 0.5555555820465088 0.0494791679084301 0.032407406717538834 
0 0.2545573115348816 0.5520833134651184 0.08203125 0.030092593282461166 
0 0.2259114682674408 0.6099537014961243 0.0872395858168602 0.030092593282461166 
0 0.2200520932674408 0.6597222089767456 0.0520833358168602 0.032407406717538834 
0 0.2317708432674408 0.7118055820465088 0.1015625 0.0347222238779068 
0 0.189453125 0.7581018805503845 0.0403645858168602 0.0347222238779068 
0 0.076171875 0.8009259104728699 0.0455729179084301 0.04629629850387573 
0 0.03059895895421505 0.8923611044883728 0.0611979179084301 0.12268518656492233 
0 0.0618489608168602 0.9097222089767456 0.07421875 0.06481481343507767 
0 0.0598958358168602 0.9675925970077515 0.0494791679084301 0.0416666679084301 
0 0.1673177182674408 0.9803240895271301 0.0403645858168602 0.0347222238779068 
0 0.1705729216337204 0.9432870149612427 0.0494791679084301 0.0347222238779068 
0 0.1875 0.8877314925193787 0.0963541716337204 0.0625 
0 0.138671875 0.8379629850387573 0.0768229216337204 0.04629629850387573 
0 0.2493489682674408 0.8321759104728699 0.0768229216337204 0.039351850748062134 
0 0.291015625 0.7627314925193787 0.0377604179084301 0.0347222238779068 
0 0.3463541865348816 0.7152777910232544 0.0598958358168602 0.032407406717538834 
0 0.337890625 0.6678240895271301 0.07421875 0.0347222238779068 
0 0.3307291865348816 0.6111111044883728 0.0755208358168602 0.032407406717538834 
0 0.451171875 0.6122685074806213 0.0768229216337204 0.0347222238779068 
0 0.4680989682674408 0.5590277910232544 0.0768229216337204 0.0347222238779068 
0 0.5852864980697632 0.5601851940155029 0.0924479216337204 0.03703703731298447 
0 0.544921875 0.6122685074806213 0.05078125 0.030092593282461166 
0 0.6796875 0.6111111044883728 0.0989583358168602 0.03703703731298447 
0 0.6744791865348816 0.663194477558136 0.0989583358168602 0.0347222238779068 
0 0.6920573115348816 0.7210648059844971 0.04296875 0.0347222238779068 
0 0.5481771230697632 0.6689814925193787 0.0390625 0.032407406717538834 
0 0.5462239980697632 0.71875 0.0403645858168602 0.0347222238779068 
0 0.45703125 0.7094907164573669 0.0833333358168602 0.0347222238779068 
0 0.4524739682674408 0.6655092835426331 0.08203125 0.030092593282461166 
0 0.3639323115348816 0.7893518805503845 0.0924479216337204 0.06018518656492233 
0 0.455078125 0.7685185074806213 0.0768229216337204 0.032407406717538834 
0 0.54296875 0.7754629850387573 0.0390625 0.032407406717538834 
0 0.6627604365348816 0.8252314925193787 0.0572916679084301 0.0347222238779068 
0 0.6953125 0.875 0.0494791679084301 0.032407406717538834 
0 0.6497396230697632 0.9293981790542603 0.0416666679084301 0.039351850748062134 
0 0.544921875 0.9317129850387573 0.0768229216337204 0.039351850748062134 
0 0.58203125 0.881944477558136 0.0416666679084301 0.03703703731298447 
0 0.5247396230697632 0.8287037014961243 0.0390625 0.03703703731298447 
0 0.4212239682674408 0.819444477558136 0.0950520858168602 0.032407406717538834 
0 0.494140625 0.8796296119689941 0.0377604179084301 0.03703703731298447 
0 0.4205729365348816 0.9224537014961243 0.0833333358168602 0.030092593282461166 
0 0.3671875 0.8726851940155029 0.0390625 0.032407406717538834 
0 0.2682291865348816 0.8888888955116272 0.0390625 0.03703703731298447 
0 0.2825520932674408 0.9270833134651184 0.0390625 0.039351850748062134 
