0 0.2259114682674408 0.0347222238779068 0.2513020932674408 0.0694444477558136 
0 0.3131510615348816 0.0173611119389534 0.0768229216337204 0.0347222238779068 
0 0.21484375 0.061342593282461166 0.0416666679084301 0.039351850748062134 
0 0.3190104365348816 0.11921296268701553 0.0989583358168602 0.039351850748062134 
0 0.34375 0.17129629850387573 0.0755208358168602 0.03703703731298447 
0 0.2272135466337204 0.17129629850387573 0.0924479216337204 0.03703703731298447 
0 0.1940104216337204 0.22685185074806213 0.0494791679084301 0.032407406717538834 
0 0.2252604216337204 0.27546295523643494 0.0572916679084301 0.032407406717538834 
0 0.2259114682674408 0.32754629850387573 0.0403645858168602 0.030092593282461166 
0 0.2298177182674408 0.38310185074806213 0.0638020858168602 0.0347222238779068 
0 0.21484375 0.43634259700775146 0.1015625 0.039351850748062134 
0 0.208984375 0.49189814925193787 0.1028645858168602 0.039351850748062134 
0 0.169921875 0.5451388955116272 0.0794270858168602 0.030092593282461166 
0 0.2076822966337204 0.59375 0.1002604216337204 0.0347222238779068 
0 0.2109375 0.6481481790542603 0.0625 0.032407406717538834 
0 0.2024739682674408 0.7013888955116272 0.0950520858168602 0.032407406717538834 
0 0.216796875 0.7604166865348816 0.1002604216337204 0.030092593282461166 
0 0.2057291716337204 0.8668981790542603 0.0390625 0.030092593282461166 
0 0.2259114682674408 0.9143518805503845 0.09765625 0.03703703731298447 
0 0.2415364682674408 0.975694477558136 0.0768229216337204 0.030092593282461166 
0 0.361328125 0.975694477558136 0.0377604179084301 0.030092593282461166 
0 0.3287760615348816 0.8668981790542603 0.0559895858168602 0.030092593282461166 
0 0.3040364682674408 0.8101851940155029 0.0924479216337204 0.03703703731298447 
0 0.3404948115348816 0.756944477558136 0.0768229216337204 0.032407406717538834 
0 0.328125 0.7013888955116272 0.0989583358168602 0.03703703731298447 
0 0.328125 0.5960648059844971 0.0963541716337204 0.0347222238779068 
0 0.3111979365348816 0.5439814925193787 0.078125 0.032407406717538834 
0 0.330078125 0.49074074625968933 0.0768229216337204 0.032407406717538834 
0 0.3209635615348816 0.4340277910232544 0.08203125 0.0347222238779068 
0 0.3307291865348816 0.38425925374031067 0.0963541716337204 0.03703703731298447 
0 0.3294270932674408 0.33217594027519226 0.0755208358168602 0.030092593282461166 
0 0.35546875 0.2743055522441864 0.0546875 0.0347222238779068 
0 0.3053385615348816 0.22106482088565826 0.0716145858168602 0.0347222238779068 
0 0.39453125 0.21990740299224854 0.0390625 0.03703703731298447 
0 0.4635416865348816 0.1770833283662796 0.09375 0.030092593282461166 
0 0.4641927182674408 0.1041666641831398 0.07421875 0.0416666679084301 
0 0.5813802480697632 0.04976851865649223 0.0924479216337204 0.039351850748062134 
0 0.6041666865348816 0.1006944477558136 0.0963541716337204 0.0347222238779068 
0 0.57421875 0.17476852238178253 0.1015625 0.039351850748062134 
0 0.5201823115348816 0.2291666716337204 0.0403645858168602 0.032407406717538834 
0 0.4680989682674408 0.28240740299224854 0.0924479216337204 0.02777777798473835 
0 0.4466145932674408 0.32754629850387573 0.09375 0.039351850748062134 
0 0.4524739682674408 0.38425925374031067 0.0716145858168602 0.032407406717538834 
0 0.4381510615348816 0.4375 0.0794270858168602 0.02777777798473835 
0 0.4375 0.4895833432674408 0.0755208358168602 0.0347222238779068 
0 0.4459635615348816 0.5439814925193787 0.0481770858168602 0.02777777798473835 
0 0.4524739682674408 0.5960648059844971 0.07421875 0.030092593282461166 
0 0.4283854365348816 0.6481481790542603 0.0416666679084301 0.02777777798473835 
0 0.4420573115348816 0.7083333134651184 0.1002604216337204 0.032407406717538834 
0 0.46875 0.7696759104728699 0.0494791679084301 0.030092593282461166 
0 0.490234375 0.8125 0.05078125 0.032407406717538834 
0 0.4505208432674408 0.8680555820465088 0.09375 0.032407406717538834 
0 0.462890625 0.9201388955116272 0.0768229216337204 0.0347222238779068 
0 0.466796875 0.9814814925193787 0.0611979179084301 0.032407406717538834 
0 0.5598958730697632 0.9803240895271301 0.09375 0.0347222238779068 
0 0.5690104365348816 0.9085648059844971 0.09375 0.030092593282461166 
0 0.6100260615348816 0.8692129850387573 0.0533854179084301 0.030092593282461166 
0 0.623046875 0.819444477558136 0.0924479216337204 0.02777777798473835 
0 0.5690104365348816 0.7604166865348816 0.0755208358168602 0.0347222238779068 
0 0.57421875 0.7106481790542603 0.0494791679084301 0.02777777798473835 
0 0.5670573115348816 0.6504629850387573 0.0950520858168602 0.02777777798473835 
0 0.5416666865348816 0.5983796119689941 0.0677083358168602 0.030092593282461166 
0 0.537109375 0.5520833134651184 0.09765625 0.030092593282461166 
0 0.55859375 0.49074074625968933 0.0755208358168602 0.032407406717538834 
0 0.5514323115348816 0.44328704476356506 0.07421875 0.0486111119389534 
0 0.5579427480697632 0.39120370149612427 0.1002604216337204 0.032407406717538834 
0 0.5540364980697632 0.3402777910232544 0.1002604216337204 0.032407406717538834 
0 0.6393229365348816 0.2708333432674408 0.0755208358168602 0.03703703731298447 
0 0.6126302480697632 0.21412037312984467 0.0559895858168602 0.039351850748062134 
0 0.7135416865348816 0.15856482088565826 0.0390625 0.0347222238779068 
0 0.720703125 0.11921296268701553 0.0403645858168602 0.0347222238779068 
0 0.7109375 0.0694444477558136 0.0911458358168602 0.06481481343507767 
0 0.8307291865348816 0.0659722238779068 0.0963541716337204 0.0486111119389534 
0 0.828125 0.13425925374031067 0.0494791679084301 0.0416666679084301 
0 0.7018229365348816 0.21296297013759613 0.0963541716337204 0.06018518656492233 
0 0.7513021230697632 0.26504629850387573 0.0755208358168602 0.04398148134350777 
0 0.689453125 0.34259259700775146 0.0403645858168602 0.032407406717538834 
0 0.6881510615348816 0.38425925374031067 0.0403645858168602 0.032407406717538834 
0 0.658203125 0.440972238779068 0.07421875 0.030092593282461166 
0 0.6588541865348816 0.49189814925193787 0.09375 0.030092593282461166 
0 0.6490885615348816 0.5462962985038757 0.0950520858168602 0.032407406717538834 
0 0.6653646230697632 0.600694477558136 0.0494791679084301 0.030092593282461166 
0 0.6712239980697632 0.7083333134651184 0.1002604216337204 0.02777777798473835 
0 0.681640625 0.7662037014961243 0.0768229216337204 0.02777777798473835 
0 0.7421875 0.8206018805503845 0.09375 0.030092593282461166 
0 0.73828125 0.8668981790542603 0.0963541716337204 0.030092593282461166 
0 0.6842448115348816 0.9189814925193787 0.09765625 0.032407406717538834 
0 0.736328125 0.9675925970077515 0.09765625 0.032407406717538834 
0 0.802734375 0.913194477558136 0.0768229216337204 0.0347222238779068 
0 0.8671875 0.9826388955116272 0.0494791679084301 0.030092593282461166 
0 0.974609375 0.9525462985038757 0.0481770858168602 0.0486111119389534 
0 0.921875 0.9004629850387573 0.0416666679084301 0.03703703731298447 
0 0.8665364980697632 0.8599537014961243 0.0794270858168602 0.0486111119389534 
0 0.8678385615348816 0.8055555820465088 0.07421875 0.04629629850387573 
0 0.8020833730697632 0.7638888955116272 0.0520833358168602 0.032407406717538834 
0 0.7727864980697632 0.7083333134651184 0.0950520858168602 0.032407406717538834 
0 0.7669271230697632 0.6539351940155029 0.09375 0.030092593282461166 
0 0.7610677480697632 0.59375 0.0950520858168602 0.030092593282461166 
0 0.7799479365348816 0.5451388955116272 0.0416666679084301 0.030092593282461166 
0 0.7779948115348816 0.4861111044883728 0.0768229216337204 0.0416666679084301 
0 0.7825521230697632 0.43171295523643494 0.0755208358168602 0.0486111119389534 
0 0.7897135615348816 0.3715277910232544 0.0794270858168602 0.06712962687015533 
0 0.80078125 0.3055555522441864 0.046875 0.0416666679084301 
0 0.810546875 0.1979166716337204 0.10546875 0.0763888880610466 
0 0.8997396230697632 0.06712962687015533 0.0651041716337204 0.13425925374031067 
0 0.9498698115348816 0.0590277798473835 0.0638020858168602 0.118055559694767 
0 0.9772135615348816 0.10532407462596893 0.0377604179084301 0.06712962687015533 
0 0.8743489980697632 0.1875 0.0638020858168602 0.1111111119389534 
0 0.8776041865348816 0.24537037312984467 0.0729166716337204 0.11574073880910873 
0 0.8704427480697632 0.3090277910232544 0.08203125 0.1041666641831398 
0 0.87890625 0.37731480598449707 0.0625 0.07407407462596893 
0 0.8841146230697632 0.45370370149612427 0.0729166716337204 0.0694444477558136 
0 0.87890625 0.5243055820465088 0.078125 0.06712962687015533 
0 0.8639323115348816 0.5879629850387573 0.08984375 0.05092592537403107 
0 0.9075521230697632 0.6215277910232544 0.0729166716337204 0.0763888880610466 
0 0.90625 0.6875 0.046875 0.0416666679084301 
0 0.9342448115348816 0.7175925970077515 0.0872395858168602 0.09259259700775146 
0 0.9485677480697632 0.7743055820465088 0.0638020858168602 0.0763888880610466 
0 0.96484375 0.8229166865348816 0.0677083358168602 0.09490741044282913 
0 0.9850260615348816 0.8715277910232544 0.02734375 0.0486111119389534 
0 0.9850260615348816 0.5972222089767456 0.02734375 0.06481481343507767 
0 0.9850260615348816 0.5127314925193787 0.02734375 0.07175926119089127 
0 0.98046875 0.4490740895271301 0.0364583358168602 0.0694444477558136 
0 0.9739583730697632 0.3645833432674408 0.0494791679084301 0.1041666641831398 
0 0.96875 0.28009259700775146 0.0598958358168602 0.10648148506879807 
0 0.9622396230697632 0.20254629850387573 0.0729166716337204 0.13657407462596893 
