0 0.2265625 0.11574073880910873 0.078125 0.0416666679084301 
0 0.240234375 0.17129629850387573 0.0403645858168602 0.03703703731298447 
0 0.1901041716337204 0.22685185074806213 0.0598958358168602 0.032407406717538834 
0 0.2252604216337204 0.27546295523643494 0.0572916679084301 0.032407406717538834 
0 0.197265625 0.3819444477558136 0.0403645858168602 0.032407406717538834 
0 0.21484375 0.4375 0.0989583358168602 0.03703703731298447 
0 0.208984375 0.49074074625968933 0.1028645858168602 0.03703703731298447 
0 0.2083333432674408 0.5416666865348816 0.0833333358168602 0.03703703731298447 
0 0.2024739682674408 0.7002314925193787 0.0950520858168602 0.039351850748062134 
0 0.201171875 0.8078703880310059 0.0950520858168602 0.03703703731298447 
0 0.1946614682674408 0.8587962985038757 0.08203125 0.032407406717538834 
0 0.2096354216337204 0.9710648059844971 0.0755208358168602 0.039351850748062134 
0 0.337890625 0.9733796119689941 0.0768229216337204 0.0347222238779068 
0 0.3444010615348816 0.9155092835426331 0.0950520858168602 0.039351850748062134 
0 0.3059895932674408 0.8668981790542603 0.0963541716337204 0.030092593282461166 
0 0.3235677182674408 0.7557870149612427 0.0950520858168602 0.039351850748062134 
0 0.3287760615348816 0.7002314925193787 0.09765625 0.0347222238779068 
0 0.306640625 0.6493055820465088 0.1002604216337204 0.0347222238779068 
0 0.3131510615348816 0.5949074029922485 0.1028645858168602 0.03703703731298447 
0 0.3098958432674408 0.5462962985038757 0.0963541716337204 0.032407406717538834 
0 0.3229166865348816 0.49074074625968933 0.09375 0.032407406717538834 
0 0.3411458432674408 0.43287038803100586 0.0390625 0.032407406717538834 
0 0.31640625 0.38310185074806213 0.09375 0.0347222238779068 
0 0.318359375 0.32754629850387573 0.09765625 0.0347222238779068 
0 0.3229166865348816 0.2743055522441864 0.0442708358168602 0.0347222238779068 
0 0.3131510615348816 0.22106482088565826 0.0559895858168602 0.0347222238779068 
0 0.3444010615348816 0.17129629850387573 0.0768229216337204 0.03703703731298447 
0 0.39453125 0.21875 0.0390625 0.0347222238779068 
0 0.462890625 0.1770833283662796 0.0950520858168602 0.030092593282461166 
0 0.4583333432674408 0.10879629850387573 0.0755208358168602 0.0416666679084301 
0 0.5013021230697632 0.03703703731298447 0.09375 0.07407407462596893 
0 0.578125 0.04976851865649223 0.0755208358168602 0.039351850748062134 
0 0.5533854365348816 0.03587963059544563 0.1927083432674408 0.07175926119089127 
0 0.6106771230697632 0.09606481343507767 0.0885416716337204 0.06712962687015533 
0 0.5748698115348816 0.17245370149612427 0.1028645858168602 0.039351850748062134 
0 0.5221354365348816 0.22800925374031067 0.0390625 0.030092593282461166 
0 0.4680989682674408 0.28240740299224854 0.0924479216337204 0.02777777798473835 
0 0.4322916865348816 0.3333333432674408 0.0807291716337204 0.032407406717538834 
0 0.4264323115348816 0.3888888955116272 0.0950520858168602 0.02777777798473835 
0 0.439453125 0.43634259700775146 0.0768229216337204 0.025462962687015533 
0 0.4381510615348816 0.48842594027519226 0.07421875 0.032407406717538834 
0 0.4348958432674408 0.5439814925193787 0.0755208358168602 0.032407406717538834 
0 0.4440104365348816 0.5960648059844971 0.0390625 0.030092593282461166 
0 0.4309895932674408 0.6493055820465088 0.0755208358168602 0.030092593282461166 
0 0.44140625 0.7094907164573669 0.0989583358168602 0.0347222238779068 
0 0.4479166865348816 0.7650462985038757 0.0546875 0.030092593282461166 
0 0.4270833432674408 0.8136574029922485 0.0911458358168602 0.030092593282461166 
0 0.4368489682674408 0.8668981790542603 0.0559895858168602 0.030092593282461166 
0 0.4635416865348816 0.9189814925193787 0.0755208358168602 0.032407406717538834 
0 0.4602864682674408 0.9803240895271301 0.07421875 0.0347222238779068 
0 0.5872396230697632 0.9814814925193787 0.0520833358168602 0.032407406717538834 
0 0.5677083730697632 0.9097222089767456 0.0963541716337204 0.032407406717538834 
0 0.5319010615348816 0.8703703880310059 0.0924479216337204 0.0416666679084301 
0 0.5345052480697632 0.8148148059844971 0.0950520858168602 0.032407406717538834 
0 0.5598958730697632 0.7719907760620117 0.0755208358168602 0.030092593282461166 
0 0.5748698115348816 0.7106481790542603 0.0481770858168602 0.02777777798473835 
0 0.556640625 0.6481481790542603 0.0690104216337204 0.02777777798473835 
0 0.5553385615348816 0.5995370149612427 0.0768229216337204 0.032407406717538834 
0 0.5481771230697632 0.5486111044883728 0.0755208358168602 0.032407406717538834 
0 0.55859375 0.4895833432674408 0.0729166716337204 0.030092593282461166 
0 0.5514323115348816 0.4340277910232544 0.07421875 0.030092593282461166 
0 0.5520833730697632 0.3854166567325592 0.0390625 0.030092593282461166 
0 0.56640625 0.3402777910232544 0.1015625 0.03703703731298447 
0 0.525390625 0.31134259700775146 0.0924479216337204 0.0625 
0 0.6399739980697632 0.26967594027519226 0.0768229216337204 0.039351850748062134 
0 0.6067708730697632 0.21412037312984467 0.0677083358168602 0.039351850748062134 
0 0.7141927480697632 0.15856482088565826 0.0403645858168602 0.0347222238779068 
0 0.7220052480697632 0.11921296268701553 0.0403645858168602 0.0347222238779068 
0 0.7180989980697632 0.1006944477558136 0.11328125 0.0763888880610466 
0 0.7467448115348816 0.03587963059544563 0.0768229216337204 0.06712962687015533 
0 0.86328125 0.03587963059544563 0.1380208432674408 0.07175926119089127 
0 0.8294271230697632 0.13425925374031067 0.0494791679084301 0.0416666679084301 
0 0.8984375 0.0555555559694767 0.0703125 0.1111111119389534 
0 0.9466146230697632 0.06481481343507767 0.0729166716337204 0.12962962687015533 
0 0.8684896230697632 0.20023147761821747 0.0807291716337204 0.13657407462596893 
0 0.8125 0.19675925374031067 0.1041666716337204 0.07407407462596893 
0 0.703125 0.20949074625968933 0.0963541716337204 0.05324074253439903 
0 0.7513021230697632 0.2638888955116272 0.0755208358168602 0.04629629850387573 
0 0.6751302480697632 0.34259259700775146 0.0924479216337204 0.03703703731298447 
0 0.6575521230697632 0.39004629850387573 0.1015625 0.0347222238779068 
0 0.6692708730697632 0.440972238779068 0.0494791679084301 0.030092593282461166 
0 0.66015625 0.49189814925193787 0.09375 0.030092593282461166 
0 0.6627604365348816 0.5462962985038757 0.0703125 0.02777777798473835 
0 0.64453125 0.5995370149612427 0.0651041716337204 0.032407406717538834 
0 0.671875 0.6504629850387573 0.0703125 0.02777777798473835 
0 0.6829427480697632 0.7083333134651184 0.0768229216337204 0.02777777798473835 
0 0.66015625 0.7685185074806213 0.0989583358168602 0.02777777798473835 
0 0.6731771230697632 0.8159722089767456 0.0416666679084301 0.030092593282461166 
0 0.6549479365348816 0.8692129850387573 0.0651041716337204 0.030092593282461166 
0 0.6842448115348816 0.9178240895271301 0.09765625 0.0347222238779068 
0 0.734375 0.9675925970077515 0.1041666716337204 0.03703703731298447 
0 0.8040364980697632 0.913194477558136 0.0768229216337204 0.0347222238779068 
0 0.7454427480697632 0.8657407760620117 0.09765625 0.032407406717538834 
0 0.7252604365348816 0.8125 0.0546875 0.032407406717538834 
0 0.7643229365348816 0.7777777910232544 0.0546875 0.032407406717538834 
0 0.7747396230697632 0.7071759104728699 0.0963541716337204 0.0347222238779068 
0 0.7734375 0.6516203880310059 0.0989583358168602 0.030092593282461166 
0 0.7434896230697632 0.5995370149612427 0.09375 0.032407406717538834 
0 0.7545573115348816 0.5474537014961243 0.0950520858168602 0.030092593282461166 
0 0.779296875 0.4861111044883728 0.0768229216337204 0.0416666679084301 
0 0.7825521230697632 0.43171295523643494 0.0755208358168602 0.0486111119389534 
0 0.7760416865348816 0.37384259700775146 0.0755208358168602 0.05324074253439903 
0 0.7897135615348816 0.3090277910232544 0.0924479216337204 0.0625 
0 0.8723958730697632 0.29745370149612427 0.0807291716337204 0.10879629850387573 
0 0.9518229365348816 0.12615740299224854 0.0598958358168602 0.12731482088565826 
0 0.9615885615348816 0.17939814925193787 0.07421875 0.10879629850387573 
0 0.9700521230697632 0.27893519401550293 0.0572916679084301 0.1041666641831398 
0 0.8880208730697632 0.37037038803100586 0.0494791679084301 0.06481481343507767 
0 0.8841146230697632 0.45370370149612427 0.0729166716337204 0.0694444477558136 
0 0.8561198115348816 0.5289351940155029 0.0924479216337204 0.0625 
0 0.8619791865348816 0.5868055820465088 0.09375 0.04398148134350777 
0 0.8938802480697632 0.6377314925193787 0.05078125 0.04398148134350777 
0 0.8977864980697632 0.6886574029922485 0.0638020858168602 0.04398148134350777 
0 0.9075521230697632 0.7372685074806213 0.078125 0.06712962687015533 
0 0.8522135615348816 0.8113425970077515 0.0924479216337204 0.05324074253439903 
0 0.8678385615348816 0.8611111044883728 0.0794270858168602 0.04629629850387573 
0 0.89453125 0.9085648059844971 0.0755208358168602 0.0486111119389534 
0 0.8736979365348816 0.9745370149612427 0.09375 0.0416666679084301 
0 0.96484375 0.8240740895271301 0.0677083358168602 0.0972222238779068 
0 0.94921875 0.7650462985038757 0.078125 0.1041666641831398 
0 0.9817708730697632 0.6041666865348816 0.0338541679084301 0.08796296268701553 
0 0.9557291865348816 0.5405092835426331 0.0859375 0.09953703731298447 
0 0.9602864980697632 0.47106480598449707 0.0768229216337204 0.1041666641831398 
0 0.9739583730697632 0.36574074625968933 0.0494791679084301 0.10648148506879807 
