0 0.037109375 0.019675925374031067 0.07421875 0.039351850748062134 
0 0.056640625 0.061342593282461166 0.0481770858168602 0.039351850748062134 
0 0.1529947966337204 0.0902777761220932 0.09765625 0.03703703731298447 
0 0.2220052182674408 0.0243055559694767 0.0481770858168602 0.0347222238779068 
0 0.3333333432674408 0.018518518656492233 0.0416666679084301 0.03703703731298447 
0 0.4466145932674408 0.016203703358769417 0.0390625 0.032407406717538834 
0 0.56640625 0.0173611119389534 0.0520833358168602 0.0347222238779068 
0 0.6868489980697632 0.016203703358769417 0.0533854179084301 0.032407406717538834 
0 0.6484375 0.08101852238178253 0.078125 0.03703703731298447 
0 0.5260416865348816 0.08217592537403107 0.0390625 0.0347222238779068 
0 0.4166666865348816 0.06018518656492233 0.0755208358168602 0.06481481343507767 
0 0.294921875 0.0763888880610466 0.0924479216337204 0.03703703731298447 
0 0.1946614682674408 0.14004629850387573 0.0768229216337204 0.0347222238779068 
0 0.0859375 0.14351852238178253 0.078125 0.03703703731298447 
0 0.03059895895421505 0.19560185074806213 0.0611979179084301 0.0486111119389534 
0 0.0279947929084301 0.25 0.0559895858168602 0.04629629850387573 
0 0.14453125 0.1909722238779068 0.0963541716337204 0.030092593282461166 
0 0.1471354216337204 0.236111119389534 0.0963541716337204 0.032407406717538834 
0 0.2278645932674408 0.1875 0.0520833358168602 0.032407406717538834 
0 0.3580729365348816 0.18981482088565826 0.09375 0.032407406717538834 
0 0.3216145932674408 0.1458333283662796 0.0963541716337204 0.03703703731298447 
0 0.42578125 0.13773147761821747 0.0755208358168602 0.0347222238779068 
0 0.4518229365348816 0.18865740299224854 0.0546875 0.030092593282461166 
0 0.5748698115348816 0.18981482088565826 0.0768229216337204 0.032407406717538834 
0 0.6627604365348816 0.1388888955116272 0.0963541716337204 0.03703703731298447 
0 0.6966146230697632 0.19560185074806213 0.0859375 0.0347222238779068 
0 0.556640625 0.24189814925193787 0.0377604179084301 0.030092593282461166 
0 0.4479166865348816 0.2430555522441864 0.0390625 0.032407406717538834 
0 0.349609375 0.23842592537403107 0.0481770858168602 0.032407406717538834 
0 0.2662760615348816 0.23726852238178253 0.0924479216337204 0.030092593282461166 
0 0.2154947966337204 0.2916666567325592 0.0950520858168602 0.032407406717538834 
0 0.095703125 0.29050925374031067 0.0768229216337204 0.0347222238779068 
0 0.1158854216337204 0.34953704476356506 0.09375 0.032407406717538834 
0 0.0983072966337204 0.40393519401550293 0.08984375 0.030092593282461166 
0 0.119140625 0.46296295523643494 0.0768229216337204 0.032407406717538834 
0 0.033203125 0.5208333134651184 0.04296875 0.03703703731298447 
0 0.02083333395421505 0.59375 0.0416666679084301 0.05324074253439903 
0 0.01302083395421505 0.6782407164573669 0.0260416679084301 0.05092592537403107 
0 0.107421875 0.6238425970077515 0.0768229216337204 0.0486111119389534 
0 0.1119791716337204 0.569444477558136 0.078125 0.0416666679084301 
0 0.1744791716337204 0.5104166865348816 0.0963541716337204 0.0347222238779068 
0 0.2239583432674408 0.45601850748062134 0.0494791679084301 0.02777777798473835 
0 0.205078125 0.40509259700775146 0.09765625 0.032407406717538834 
0 0.2180989682674408 0.34837964177131653 0.1028645858168602 0.030092593282461166 
0 0.314453125 0.347222238779068 0.05078125 0.02777777798473835 
0 0.306640625 0.28125 0.0481770858168602 0.030092593282461166 
0 0.4375 0.29050925374031067 0.0755208358168602 0.0347222238779068 
0 0.5592448115348816 0.2951388955116272 0.1002604216337204 0.0347222238779068 
0 0.6712239980697632 0.29398149251937866 0.05859375 0.02777777798473835 
0 0.685546875 0.35648149251937866 0.0950520858168602 0.03703703731298447 
0 0.5611979365348816 0.3553240895271301 0.0989583358168602 0.04398148134350777 
0 0.4479166865348816 0.347222238779068 0.0989583358168602 0.032407406717538834 
0 0.330078125 0.40509259700775146 0.0455729179084301 0.02777777798473835 
0 0.4348958432674408 0.40740740299224854 0.0572916679084301 0.032407406717538834 
0 0.6764323115348816 0.40625 0.0950520858168602 0.039351850748062134 
0 0.6796875 0.4618055522441864 0.1015625 0.0347222238779068 
0 0.537109375 0.46064814925193787 0.0533854179084301 0.032407406717538834 
0 0.4375 0.4618055522441864 0.0755208358168602 0.030092593282461166 
0 0.34765625 0.45717594027519226 0.0677083358168602 0.0347222238779068 
0 0.33203125 0.5046296119689941 0.0963541716337204 0.032407406717538834 
0 0.2291666716337204 0.5636574029922485 0.09375 0.030092593282461166 
0 0.2200520932674408 0.6145833134651184 0.0520833358168602 0.030092593282461166 
0 0.3313802182674408 0.5671296119689941 0.07421875 0.032407406717538834 
0 0.4420573115348816 0.5127314925193787 0.05078125 0.030092593282461166 
0 0.5774739980697632 0.5127314925193787 0.0794270858168602 0.0347222238779068 
0 0.6881510615348816 0.5127314925193787 0.0794270858168602 0.0347222238779068 
0 0.6803385615348816 0.5659722089767456 0.1028645858168602 0.039351850748062134 
0 0.55859375 0.5671296119689941 0.078125 0.03703703731298447 
0 0.4518229365348816 0.5682870149612427 0.078125 0.0347222238779068 
0 0.3385416865348816 0.6215277910232544 0.0755208358168602 0.0347222238779068 
0 0.2317708432674408 0.6655092835426331 0.1015625 0.0347222238779068 
0 0.111328125 0.6805555820465088 0.0716145858168602 0.05092592537403107 
0 0.0325520858168602 0.7430555820465088 0.0651041716337204 0.1111111119389534 
0 0.01692708395421505 0.8078703880310059 0.0338541679084301 0.07407407462596893 
0 0.0299479179084301 0.8483796119689941 0.0598958358168602 0.12268518656492233 
0 0.076171875 0.7546296119689941 0.0455729179084301 0.04629629850387573 
0 0.0631510466337204 0.8599537014961243 0.0768229216337204 0.07175926119089127 
0 0.060546875 0.9212962985038757 0.05078125 0.0416666679084301 
0 0.169921875 0.8981481790542603 0.05078125 0.03703703731298447 
0 0.1673177182674408 0.9351851940155029 0.0403645858168602 0.03703703731298447 
0 0.166015625 0.9606481790542603 0.1966145932674408 0.07407407462596893 
0 0.1875 0.8425925970077515 0.0963541716337204 0.06018518656492233 
0 0.138671875 0.7916666865348816 0.0768229216337204 0.04629629850387573 
0 0.1901041716337204 0.7129629850387573 0.0416666679084301 0.03703703731298447 
0 0.2916666865348816 0.7175925970077515 0.0390625 0.03703703731298447 
0 0.25 0.7870370149612427 0.0755208358168602 0.03703703731298447 
0 0.3463541865348816 0.6701388955116272 0.0598958358168602 0.0347222238779068 
0 0.45703125 0.6655092835426331 0.0833333358168602 0.0347222238779068 
0 0.4576823115348816 0.6192129850387573 0.0924479216337204 0.030092593282461166 
0 0.5481771230697632 0.6238425970077515 0.0390625 0.0347222238779068 
0 0.6809896230697632 0.6157407164573669 0.1145833358168602 0.0416666679084301 
0 0.7311198115348816 0.6747685074806213 0.04296875 0.0347222238779068 
0 0.5462239980697632 0.6736111044883728 0.0403645858168602 0.032407406717538834 
0 0.5572916865348816 0.7280092835426331 0.0677083358168602 0.0347222238779068 
0 0.45703125 0.7233796119689941 0.0807291716337204 0.030092593282461166 
0 0.421875 0.7754629850387573 0.09375 0.032407406717538834 
0 0.3645833432674408 0.7430555820465088 0.09375 0.06018518656492233 
0 0.3678385615348816 0.8287037014961243 0.0377604179084301 0.032407406717538834 
0 0.2760416865348816 0.8425925970077515 0.0546875 0.03703703731298447 
0 0.283203125 0.8831018805503845 0.0377604179084301 0.039351850748062134 
0 0.42578125 0.8773148059844971 0.09375 0.032407406717538834 
0 0.4947916865348816 0.8356481790542603 0.0390625 0.03703703731298447 
0 0.5247396230697632 0.7824074029922485 0.0390625 0.03703703731298447 
0 0.6634114980697632 0.78125 0.0559895858168602 0.0347222238779068 
0 0.6946614980697632 0.8287037014961243 0.0481770858168602 0.032407406717538834 
0 0.6490885615348816 0.8854166865348816 0.0403645858168602 0.039351850748062134 
0 0.5442708730697632 0.8854166865348816 0.0755208358168602 0.039351850748062134 
0 0.5826823115348816 0.8356481790542603 0.0403645858168602 0.03703703731298447 
0 0.767578125 0.9375 0.0794270858168602 0.0416666679084301 
