0 0.1842447966337204 0.12384259700775146 0.0846354216337204 0.04398148134350777 
0 0.404296875 0.0173611119389534 0.0924479216337204 0.0347222238779068 
0 0.2825520932674408 0.018518518656492233 0.0859375 0.03703703731298447 
0 0.12109375 0.028935184702277184 0.0833333358168602 0.0486111119389534 
0 0.525390625 0.018518518656492233 0.0716145858168602 0.02777777798473835 
0 0.5865885615348816 0.04976851865649223 0.0794270858168602 0.039351850748062134 
0 0.724609375 0.03703703731298447 0.0950520858168602 0.07407407462596893 
0 0.8346354365348816 0.0451388880610466 0.0598958358168602 0.0902777761220932 
0 0.4166666865348816 0.1076388880610466 0.0755208358168602 0.04398148134350777 
0 0.4231770932674408 0.05787036940455437 0.0572916679084301 0.03703703731298447 
0 0.5709635615348816 0.10185185074806213 0.09765625 0.032407406717538834 
0 0.6692708730697632 0.08564814925193787 0.0911458358168602 0.06481481343507767 
0 0.7200521230697632 0.1215277761220932 0.0416666679084301 0.0347222238779068 
0 0.8990885615348816 0.06828703731298447 0.06640625 0.13657407462596893 
0 0.9479166865348816 0.0590277798473835 0.0651041716337204 0.118055559694767 
0 0.8268229365348816 0.13425925374031067 0.0494791679084301 0.0416666679084301 
0 0.712890625 0.15856482088565826 0.0403645858168602 0.0347222238779068 
0 0.5826823115348816 0.173611119389534 0.08203125 0.03703703731298447 
0 0.4622395932674408 0.17824074625968933 0.09375 0.032407406717538834 
0 0.3430989682674408 0.17129629850387573 0.0768229216337204 0.03703703731298447 
0 0.2395833432674408 0.17129629850387573 0.0416666679084301 0.03703703731298447 
0 0.189453125 0.22685185074806213 0.05859375 0.032407406717538834 
0 0.3053385615348816 0.22106482088565826 0.0716145858168602 0.0347222238779068 
0 0.3938802182674408 0.21990740299224854 0.0403645858168602 0.03703703731298447 
0 0.521484375 0.2291666716337204 0.0377604179084301 0.032407406717538834 
0 0.6041666865348816 0.2152777761220932 0.0703125 0.0416666679084301 
0 0.6380208730697632 0.26851850748062134 0.0755208358168602 0.03703703731298447 
0 0.701171875 0.2118055522441864 0.0950520858168602 0.05787036940455437 
0 0.8098958730697632 0.1979166716337204 0.1041666716337204 0.0763888880610466 
0 0.75 0.2638888955116272 0.0755208358168602 0.0416666679084301 
0 0.8665364980697632 0.1979166716337204 0.0638020858168602 0.10879629850387573 
0 0.974609375 0.10879629850387573 0.0377604179084301 0.0694444477558136 
0 0.8704427480697632 0.25115740299224854 0.07421875 0.11342592537403107 
0 0.9654948115348816 0.18865740299224854 0.06640625 0.10879629850387573 
0 0.96875 0.27893519401550293 0.0598958358168602 0.1041666641831398 
0 0.8697916865348816 0.30671295523643494 0.0807291716337204 0.10879629850387573 
0 0.87109375 0.378472238779068 0.078125 0.08101852238178253 
0 0.7884114980697632 0.3715277910232544 0.0794270858168602 0.06712962687015533 
0 0.7916666865348816 0.3055555522441864 0.0442708358168602 0.0416666679084301 
0 0.638671875 0.33449074625968933 0.0403645858168602 0.0347222238779068 
0 0.6881510615348816 0.38425925374031067 0.0403645858168602 0.032407406717538834 
0 0.4889323115348816 0.33217594027519226 0.0377604179084301 0.0347222238779068 
0 0.466796875 0.28240740299224854 0.0924479216337204 0.02777777798473835 
0 0.322265625 0.27546295523643494 0.0455729179084301 0.032407406717538834 
0 0.2252604216337204 0.27546295523643494 0.0572916679084301 0.032407406717538834 
0 0.21875 0.33217594027519226 0.0755208358168602 0.030092593282461166 
0 0.2415364682674408 0.3819444477558136 0.0403645858168602 0.032407406717538834 
0 0.2259114682674408 0.43518519401550293 0.05078125 0.032407406717538834 
0 0.251953125 0.4895833432674408 0.0533854179084301 0.030092593282461166 
0 0.1946614682674408 0.5439814925193787 0.0794270858168602 0.032407406717538834 
0 0.236328125 0.5972222089767456 0.0533854179084301 0.032407406717538834 
0 0.2669270932674408 0.7037037014961243 0.0989583358168602 0.03703703731298447 
0 0.2161458432674408 0.7604166865348816 0.0989583358168602 0.030092593282461166 
0 0.33984375 0.7581018805503845 0.078125 0.0347222238779068 
0 0.2213541716337204 0.8136574029922485 0.0416666679084301 0.030092593282461166 
0 0.3190104365348816 0.8148148059844971 0.0416666679084301 0.02777777798473835 
0 0.328125 0.8668981790542603 0.0572916679084301 0.030092593282461166 
0 0.2213541716337204 0.9189814925193787 0.078125 0.032407406717538834 
0 0.2415364682674408 0.975694477558136 0.0768229216337204 0.030092593282461166 
0 0.3541666865348816 0.975694477558136 0.0520833358168602 0.030092593282461166 
0 0.3658854365348816 0.9155092835426331 0.09375 0.039351850748062134 
0 0.4296875 0.8645833134651184 0.0807291716337204 0.030092593282461166 
0 0.4296875 0.8136574029922485 0.078125 0.030092593282461166 
0 0.4680989682674408 0.7696759104728699 0.0481770858168602 0.030092593282461166 
0 0.44140625 0.7083333134651184 0.0885416716337204 0.032407406717538834 
0 0.4283854365348816 0.6481481790542603 0.0416666679084301 0.02777777798473835 
0 0.4518229365348816 0.5960648059844971 0.0755208358168602 0.030092593282461166 
0 0.4459635615348816 0.5428240895271301 0.0481770858168602 0.030092593282461166 
0 0.4375 0.4895833432674408 0.0755208358168602 0.0347222238779068 
0 0.4127604365348816 0.43634259700775146 0.0755208358168602 0.030092593282461166 
0 0.30078125 0.38425925374031067 0.15625 0.03703703731298447 
0 0.3235677182674408 0.33449074625968933 0.09765625 0.039351850748062134 
0 0.4518229365348816 0.38425925374031067 0.0729166716337204 0.032407406717538834 
0 0.5514323115348816 0.43518519401550293 0.07421875 0.032407406717538834 
0 0.55859375 0.39004629850387573 0.1015625 0.030092593282461166 
0 0.5579427480697632 0.49074074625968933 0.07421875 0.032407406717538834 
0 0.5377604365348816 0.5520833134651184 0.0963541716337204 0.030092593282461166 
0 0.5416666865348816 0.5983796119689941 0.0677083358168602 0.030092593282461166 
0 0.5598958730697632 0.6504629850387573 0.078125 0.02777777798473835 
0 0.5748698115348816 0.7094907164573669 0.0481770858168602 0.025462962687015533 
0 0.568359375 0.7615740895271301 0.07421875 0.03703703731298447 
0 0.5423177480697632 0.8171296119689941 0.0950520858168602 0.02777777798473835 
0 0.5533854365348816 0.8692129850387573 0.0520833358168602 0.030092593282461166 
0 0.4674479365348816 0.9814814925193787 0.0625 0.032407406717538834 
0 0.5592448115348816 0.9803240895271301 0.0924479216337204 0.0347222238779068 
0 0.6842448115348816 0.9178240895271301 0.0768229216337204 0.0347222238779068 
0 0.7356771230697632 0.9675925970077515 0.0963541716337204 0.032407406717538834 
0 0.802734375 0.9120370149612427 0.0768229216337204 0.03703703731298447 
0 0.7649739980697632 0.8668981790542603 0.0768229216337204 0.0347222238779068 
0 0.6549479365348816 0.8148148059844971 0.09375 0.02777777798473835 
0 0.6803385615348816 0.7650462985038757 0.0768229216337204 0.030092593282461166 
0 0.6809896230697632 0.7071759104728699 0.078125 0.030092593282461166 
0 0.6809896230697632 0.6550925970077515 0.0494791679084301 0.02777777798473835 
0 0.6647135615348816 0.600694477558136 0.0481770858168602 0.030092593282461166 
0 0.6477864980697632 0.5462962985038757 0.0950520858168602 0.032407406717538834 
0 0.658203125 0.49074074625968933 0.0924479216337204 0.032407406717538834 
0 0.6497396230697632 0.440972238779068 0.0911458358168602 0.030092593282461166 
0 0.78125 0.42939814925193787 0.0755208358168602 0.0486111119389534 
0 0.7662760615348816 0.4861111044883728 0.1002604216337204 0.0416666679084301 
0 0.7786458730697632 0.5451388955116272 0.0416666679084301 0.030092593282461166 
0 0.7604166865348816 0.5925925970077515 0.09375 0.032407406717538834 
0 0.78125 0.6539351940155029 0.078125 0.0347222238779068 
0 0.7727864980697632 0.7071759104728699 0.0950520858168602 0.0347222238779068 
0 0.79296875 0.7650462985038757 0.0520833358168602 0.030092593282461166 
0 0.76171875 0.8136574029922485 0.0520833358168602 0.030092593282461166 
0 0.8587239980697632 0.8101851940155029 0.0768229216337204 0.0416666679084301 
0 0.8697916865348816 0.8599537014961243 0.078125 0.039351850748062134 
0 0.921875 0.8981481790542603 0.0416666679084301 0.03703703731298447 
0 0.8671875 0.9826388955116272 0.0494791679084301 0.030092593282461166 
0 0.9739583730697632 0.9502314925193787 0.0494791679084301 0.0486111119389534 
0 0.96875 0.8159722089767456 0.0598958358168602 0.08101852238178253 
0 0.9505208730697632 0.7708333134651184 0.0833333358168602 0.0833333358168602 
0 0.880859375 0.7418981790542603 0.0924479216337204 0.0625 
0 0.8815104365348816 0.6921296119689941 0.0911458358168602 0.0555555559694767 
0 0.8919271230697632 0.6273148059844971 0.0625 0.06018518656492233 
0 0.86328125 0.5868055820465088 0.0885416716337204 0.05324074253439903 
0 0.8776041865348816 0.5219907164573669 0.078125 0.06712962687015533 
0 0.8743489980697632 0.45370370149612427 0.08984375 0.0694444477558136 
0 0.9733073115348816 0.36342594027519226 0.05078125 0.10648148506879807 
0 0.9791666865348816 0.4490740895271301 0.0390625 0.0694444477558136 
0 0.9772135615348816 0.5300925970077515 0.04296875 0.09259259700775146 
0 0.984375 0.5960648059844971 0.02864583395421505 0.06712962687015533 
