0 0.2044270932674408 0.0625 0.0364583358168602 0.03703703731298447 
0 0.2473958432674408 0.1145833358168602 0.078125 0.039351850748062134 
0 0.240234375 0.17129629850387573 0.0403645858168602 0.03703703731298447 
0 0.1901041716337204 0.22685185074806213 0.0598958358168602 0.032407406717538834 
0 0.2252604216337204 0.2743055522441864 0.0572916679084301 0.0347222238779068 
0 0.19140625 0.38078704476356506 0.0546875 0.0347222238779068 
0 0.21484375 0.4375 0.0989583358168602 0.03703703731298447 
0 0.208984375 0.4895833432674408 0.1028645858168602 0.0347222238779068 
0 0.2076822966337204 0.5416666865348816 0.0846354216337204 0.032407406717538834 
0 0.19921875 0.5960648059844971 0.0729166716337204 0.030092593282461166 
0 0.1959635466337204 0.6481481790542603 0.0794270858168602 0.032407406717538834 
0 0.2024739682674408 0.7002314925193787 0.0950520858168602 0.039351850748062134 
0 0.232421875 0.7592592835426331 0.0559895858168602 0.032407406717538834 
0 0.201171875 0.8113425970077515 0.0950520858168602 0.030092593282461166 
0 0.1946614682674408 0.8587962985038757 0.08203125 0.032407406717538834 
0 0.240234375 0.9212962985038757 0.0559895858168602 0.032407406717538834 
0 0.203125 0.9675925970077515 0.0911458358168602 0.0416666679084301 
0 0.337890625 0.9733796119689941 0.0768229216337204 0.0347222238779068 
0 0.3430989682674408 0.9166666865348816 0.09765625 0.0416666679084301 
0 0.3255208432674408 0.8668981790542603 0.0572916679084301 0.030092593282461166 
0 0.3235677182674408 0.7557870149612427 0.09765625 0.039351850748062134 
0 0.328125 0.7002314925193787 0.0989583358168602 0.039351850748062134 
0 0.306640625 0.6493055820465088 0.1002604216337204 0.0347222238779068 
0 0.3125 0.5949074029922485 0.1041666716337204 0.03703703731298447 
0 0.3098958432674408 0.5462962985038757 0.0963541716337204 0.032407406717538834 
0 0.34375 0.48842594027519226 0.0520833358168602 0.032407406717538834 
0 0.3190104365348816 0.43287038803100586 0.0859375 0.03703703731298447 
0 0.31640625 0.38310185074806213 0.09375 0.0347222238779068 
0 0.330078125 0.3263888955116272 0.1236979216337204 0.0416666679084301 
0 0.3561198115348816 0.27199074625968933 0.0533854179084301 0.0347222238779068 
0 0.3131510615348816 0.22106482088565826 0.0559895858168602 0.0347222238779068 
0 0.3444010615348816 0.17129629850387573 0.0768229216337204 0.03703703731298447 
0 0.439453125 0.09490741044282913 0.07421875 0.07870370149612427 
0 0.39453125 0.21990740299224854 0.0390625 0.03703703731298447 
0 0.4635416865348816 0.1770833283662796 0.09375 0.030092593282461166 
0 0.5149739980697632 0.1041666641831398 0.07421875 0.04629629850387573 
0 0.5690104365348816 0.0486111119389534 0.09375 0.0416666679084301 
0 0.6171875 0.09606481343507767 0.078125 0.0625 
0 0.59375 0.17245370149612427 0.0651041716337204 0.039351850748062134 
0 0.5221354365348816 0.2291666716337204 0.0390625 0.032407406717538834 
0 0.4680989682674408 0.28125 0.0924479216337204 0.030092593282461166 
0 0.4348958432674408 0.3333333432674408 0.0755208358168602 0.032407406717538834 
0 0.4264323115348816 0.3888888955116272 0.0950520858168602 0.02777777798473835 
0 0.4381510615348816 0.4375 0.0794270858168602 0.02777777798473835 
0 0.4381510615348816 0.4895833432674408 0.0768229216337204 0.0347222238779068 
0 0.4348958432674408 0.5439814925193787 0.0755208358168602 0.032407406717538834 
0 0.4446614682674408 0.5960648059844971 0.0403645858168602 0.030092593282461166 
0 0.4309895932674408 0.6493055820465088 0.0755208358168602 0.030092593282461166 
0 0.4583333432674408 0.7083333134651184 0.1354166716337204 0.032407406717538834 
0 0.5240885615348816 0.7685185074806213 0.0533854179084301 0.02777777798473835 
0 0.4264323115348816 0.8136574029922485 0.0924479216337204 0.030092593282461166 
0 0.4368489682674408 0.8668981790542603 0.0559895858168602 0.030092593282461166 
0 0.4635416865348816 0.9189814925193787 0.0755208358168602 0.032407406717538834 
0 0.4596354365348816 0.9803240895271301 0.0755208358168602 0.0347222238779068 
0 0.5865885615348816 0.9814814925193787 0.0533854179084301 0.032407406717538834 
0 0.568359375 0.9085648059844971 0.0950520858168602 0.030092593282461166 
0 0.5319010615348816 0.8657407760620117 0.0924479216337204 0.032407406717538834 
0 0.541015625 0.8159722089767456 0.08203125 0.030092593282461166 
0 0.5748698115348816 0.7094907164573669 0.0481770858168602 0.025462962687015533 
0 0.5657552480697632 0.6481481790542603 0.05078125 0.02777777798473835 
0 0.5553385615348816 0.5983796119689941 0.0768229216337204 0.0347222238779068 
0 0.546875 0.5486111044883728 0.078125 0.032407406717538834 
0 0.5579427480697632 0.4895833432674408 0.07421875 0.030092593282461166 
0 0.6328125 0.43634259700775146 0.0755208358168602 0.030092593282461166 
0 0.5520833730697632 0.3865740895271301 0.0390625 0.032407406717538834 
0 0.5455729365348816 0.34375 0.0651041716337204 0.0347222238779068 
0 0.525390625 0.31018519401550293 0.0924479216337204 0.06018518656492233 
0 0.6295573115348816 0.26967594027519226 0.0950520858168602 0.039351850748062134 
0 0.6217448115348816 0.2118055522441864 0.0377604179084301 0.0347222238779068 
0 0.7194010615348816 0.15740740299224854 0.05078125 0.03703703731298447 
0 0.701171875 0.11921296268701553 0.08203125 0.0347222238779068 
0 0.7135416865348816 0.0972222238779068 0.0963541716337204 0.07870370149612427 
0 0.6946614980697632 0.0173611119389534 0.0924479216337204 0.0347222238779068 
0 0.8294271230697632 0.04629629850387573 0.0885416716337204 0.07870370149612427 
0 0.8984375 0.0555555559694767 0.0703125 0.1111111119389534 
0 0.9453125 0.06712962687015533 0.0755208358168602 0.13425925374031067 
0 0.8678385615348816 0.19907407462596893 0.0794270858168602 0.13425925374031067 
0 0.8444010615348816 0.18171297013759613 0.0403645858168602 0.0486111119389534 
0 0.8294271230697632 0.1319444477558136 0.0494791679084301 0.0416666679084301 
0 0.7018229365348816 0.21412037312984467 0.0963541716337204 0.0625 
0 0.7421875 0.26273149251937866 0.09375 0.04398148134350777 
0 0.6751302480697632 0.34259259700775146 0.08984375 0.03703703731298447 
0 0.6569010615348816 0.3888888955116272 0.1028645858168602 0.032407406717538834 
0 0.66015625 0.49189814925193787 0.09375 0.030092593282461166 
0 0.6731771230697632 0.5451388955116272 0.0494791679084301 0.030092593282461166 
0 0.6438802480697632 0.5995370149612427 0.06640625 0.032407406717538834 
0 0.6731771230697632 0.6504629850387573 0.0729166716337204 0.02777777798473835 
0 0.6822916865348816 0.7083333134651184 0.078125 0.02777777798473835 
0 0.6725260615348816 0.7696759104728699 0.1002604216337204 0.030092593282461166 
0 0.646484375 0.8159722089767456 0.0924479216337204 0.030092593282461166 
0 0.6608073115348816 0.8692129850387573 0.05078125 0.030092593282461166 
0 0.6842448115348816 0.9178240895271301 0.09765625 0.0347222238779068 
0 0.736328125 0.9675925970077515 0.09765625 0.032407406717538834 
0 0.8040364980697632 0.913194477558136 0.0768229216337204 0.0347222238779068 
0 0.92578125 0.8993055820465088 0.0494791679084301 0.039351850748062134 
0 0.96484375 0.8217592835426331 0.0677083358168602 0.0972222238779068 
0 0.8678385615348816 0.8611111044883728 0.0794270858168602 0.04629629850387573 
0 0.8528646230697632 0.8113425970077515 0.0911458358168602 0.05324074253439903 
0 0.7454427480697632 0.8657407760620117 0.09765625 0.032407406717538834 
0 0.7434896230697632 0.8148148059844971 0.0911458358168602 0.02777777798473835 
0 0.7916666865348816 0.7696759104728699 0.078125 0.030092593282461166 
0 0.7740885615348816 0.7071759104728699 0.0950520858168602 0.0347222238779068 
0 0.90625 0.6863425970077515 0.046875 0.04398148134350777 
0 0.8352864980697632 0.6458333134651184 0.1002604216337204 0.0416666679084301 
0 0.7669271230697632 0.5983796119689941 0.046875 0.030092593282461166 
0 0.75390625 0.5462962985038757 0.0963541716337204 0.02777777798473835 
0 0.8561198115348816 0.5289351940155029 0.0924479216337204 0.0625 
0 0.8619791865348816 0.5868055820465088 0.09375 0.04398148134350777 
0 0.9641927480697632 0.5925925970077515 0.0690104216337204 0.0833333358168602 
0 0.9609375 0.46875 0.0755208358168602 0.09953703731298447 
0 0.9700521230697632 0.36574074625968933 0.0572916679084301 0.10648148506879807 
0 0.9680989980697632 0.25115740299224854 0.0611979179084301 0.118055559694767 
0 0.9615885615348816 0.17824074625968933 0.07421875 0.1111111119389534 
0 0.8723958730697632 0.29745370149612427 0.0807291716337204 0.10879629850387573 
0 0.7897135615348816 0.3090277910232544 0.0924479216337204 0.0625 
0 0.7701823115348816 0.37384259700775146 0.08984375 0.05324074253439903 
0 0.7682291865348816 0.43287038803100586 0.0729166716337204 0.03703703731298447 
0 0.7682291865348816 0.4861111044883728 0.0989583358168602 0.0416666679084301 
0 0.876953125 0.45370370149612427 0.08984375 0.0694444477558136 
0 0.8951823115348816 0.36342594027519226 0.08203125 0.12037037312984467 
0 0.89453125 0.7442129850387573 0.0651041716337204 0.0625 
0 0.94921875 0.7638888955116272 0.078125 0.10648148506879807 
0 0.8736979365348816 0.9733796119689941 0.09375 0.039351850748062134 
