0 0.1217447966337204 0.11921296268701553 0.0794270858168602 0.039351850748062134 
0 0.1529947966337204 0.3819444477558136 0.0533854179084301 0.032407406717538834 
0 0.21484375 0.4375 0.0989583358168602 0.03703703731298447 
0 0.208984375 0.49074074625968933 0.1028645858168602 0.03703703731298447 
0 0.201171875 0.5439814925193787 0.0794270858168602 0.032407406717538834 
0 0.2083333432674408 0.5925925970077515 0.1015625 0.03703703731298447 
0 0.212890625 0.6504629850387573 0.0950520858168602 0.032407406717538834 
0 0.203125 0.7002314925193787 0.0963541716337204 0.04398148134350777 
0 0.21875 0.7604166865348816 0.0572916679084301 0.030092593282461166 
0 0.1888020932674408 0.8587962985038757 0.09375 0.032407406717538834 
0 0.2265625 0.9143518805503845 0.0963541716337204 0.03703703731298447 
0 0.2415364682674408 0.975694477558136 0.0768229216337204 0.030092593282461166 
0 0.361328125 0.975694477558136 0.0377604179084301 0.030092593282461166 
0 0.318359375 0.8668981790542603 0.06640625 0.030092593282461166 
0 0.3313802182674408 0.8136574029922485 0.0377604179084301 0.030092593282461166 
0 0.330078125 0.7604166865348816 0.09765625 0.030092593282461166 
0 0.328125 0.7002314925193787 0.0989583358168602 0.039351850748062134 
0 0.328125 0.5960648059844971 0.0963541716337204 0.0347222238779068 
0 0.3118489682674408 0.5439814925193787 0.0768229216337204 0.032407406717538834 
0 0.34375 0.4895833432674408 0.0520833358168602 0.030092593282461166 
0 0.3411458432674408 0.43287038803100586 0.0390625 0.032407406717538834 
0 0.3424479365348816 0.3819444477558136 0.0390625 0.032407406717538834 
0 0.3463541865348816 0.32754629850387573 0.0390625 0.030092593282461166 
0 0.2252604216337204 0.27546295523643494 0.0572916679084301 0.032407406717538834 
0 0.189453125 0.22685185074806213 0.05859375 0.032407406717538834 
0 0.240234375 0.17129629850387573 0.0403645858168602 0.03703703731298447 
0 0.3444010615348816 0.17129629850387573 0.0768229216337204 0.03703703731298447 
0 0.3138020932674408 0.22106482088565826 0.0546875 0.0347222238779068 
0 0.39453125 0.21990740299224854 0.0390625 0.03703703731298447 
0 0.36328125 0.2743055522441864 0.0390625 0.0347222238779068 
0 0.4674479365348816 0.28356480598449707 0.09375 0.030092593282461166 
0 0.521484375 0.2291666716337204 0.0377604179084301 0.032407406717538834 
0 0.462890625 0.17592592537403107 0.0950520858168602 0.032407406717538834 
0 0.57421875 0.17476852238178253 0.1015625 0.039351850748062134 
0 0.5813802480697632 0.04976851865649223 0.0924479216337204 0.039351850748062134 
0 0.3984375 0.0173611119389534 0.1432291716337204 0.0347222238779068 
0 0.3138020932674408 0.019675925374031067 0.3020833432674408 0.039351850748062134 
0 0.2845052182674408 0.0451388880610466 0.37109375 0.0902777761220932 
0 0.71484375 0.054398149251937866 0.078125 0.0763888880610466 
0 0.6809896230697632 0.10185185074806213 0.078125 0.0694444477558136 
0 0.7942708730697632 0.0694444477558136 0.0755208358168602 0.0694444477558136 
0 0.8977864980697632 0.0555555559694767 0.0716145858168602 0.1111111119389534 
0 0.9498698115348816 0.06018518656492233 0.06640625 0.12037037312984467 
0 0.828125 0.13425925374031067 0.0494791679084301 0.0416666679084301 
0 0.7005208730697632 0.1215277761220932 0.0807291716337204 0.0347222238779068 
0 0.7141927480697632 0.15856482088565826 0.0403645858168602 0.0347222238779068 
0 0.6067708730697632 0.2152777761220932 0.0677083358168602 0.03703703731298447 
0 0.6393229365348816 0.2708333432674408 0.0755208358168602 0.03703703731298447 
0 0.7018229365348816 0.21296297013759613 0.0963541716337204 0.06018518656492233 
0 0.8111979365348816 0.1979166716337204 0.1041666716337204 0.0763888880610466 
0 0.8697916865348816 0.19675925374031067 0.0755208358168602 0.12962962687015533 
0 0.8938802480697632 0.2152777761220932 0.0716145858168602 0.10185185074806213 
0 0.947265625 0.20254629850387573 0.07421875 0.11342592537403107 
0 0.8756510615348816 0.29629629850387573 0.07421875 0.10648148506879807 
0 0.9694010615348816 0.28125 0.05859375 0.1041666641831398 
0 0.9739583730697632 0.36574074625968933 0.0494791679084301 0.10648148506879807 
0 0.9524739980697632 0.472222238779068 0.0716145858168602 0.08796296268701553 
0 0.984375 0.46759259700775146 0.02864583395421505 0.0694444477558136 
0 0.9856771230697632 0.5150462985038757 0.0260416679084301 0.06712962687015533 
0 0.9850260615348816 0.5983796119689941 0.02734375 0.07175926119089127 
0 0.9713541865348816 0.6770833134651184 0.0546875 0.1041666641831398 
0 0.970703125 0.75 0.0455729179084301 0.06018518656492233 
0 0.96484375 0.8240740895271301 0.0677083358168602 0.0972222238779068 
0 0.9811198115348816 0.8807870149612427 0.03515625 0.05324074253439903 
0 0.947265625 0.9629629850387573 0.0533854179084301 0.04629629850387573 
0 0.9244791865348816 0.9004629850387573 0.046875 0.03703703731298447 
0 0.8671875 0.8611111044883728 0.078125 0.04629629850387573 
0 0.869140625 0.8043981790542603 0.07421875 0.0486111119389534 
0 0.9016927480697632 0.7407407760620117 0.05078125 0.04629629850387573 
0 0.90625 0.6886574029922485 0.046875 0.04398148134350777 
0 0.9075521230697632 0.6215277910232544 0.0729166716337204 0.0763888880610466 
0 0.861328125 0.5891203880310059 0.0950520858168602 0.05324074253439903 
0 0.8561198115348816 0.5358796119689941 0.04296875 0.0347222238779068 
0 0.8841146230697632 0.45370370149612427 0.0729166716337204 0.0694444477558136 
0 0.8873698115348816 0.3715277910232544 0.0481770858168602 0.0625 
0 0.8131510615348816 0.30092594027519226 0.0455729179084301 0.04629629850387573 
0 0.75 0.26504629850387573 0.0755208358168602 0.04398148134350777 
0 0.7766927480697632 0.37384259700775146 0.07421875 0.05324074253439903 
0 0.7825521230697632 0.43171295523643494 0.0755208358168602 0.0486111119389534 
0 0.7779948115348816 0.4861111044883728 0.0768229216337204 0.0416666679084301 
0 0.76171875 0.59375 0.09375 0.030092593282461166 
0 0.8098958730697632 0.6539351940155029 0.0494791679084301 0.030092593282461166 
0 0.7734375 0.7083333134651184 0.09375 0.032407406717538834 
0 0.7936198115348816 0.7650462985038757 0.0768229216337204 0.0347222238779068 
0 0.7421875 0.8206018805503845 0.09375 0.030092593282461166 
0 0.744140625 0.8668981790542603 0.09765625 0.030092593282461166 
0 0.802734375 0.913194477558136 0.0768229216337204 0.0347222238779068 
0 0.736328125 0.96875 0.09765625 0.0347222238779068 
0 0.6946614980697632 0.9189814925193787 0.0768229216337204 0.032407406717538834 
0 0.568359375 0.9085648059844971 0.0950520858168602 0.030092593282461166 
0 0.4635416865348816 0.9201388955116272 0.0755208358168602 0.0347222238779068 
0 0.4368489682674408 0.8668981790542603 0.0559895858168602 0.030092593282461166 
0 0.53125 0.8703703880310059 0.0911458358168602 0.0416666679084301 
0 0.6614583730697632 0.8692129850387573 0.0520833358168602 0.030092593282461166 
0 0.623046875 0.819444477558136 0.0924479216337204 0.02777777798473835 
0 0.5390625 0.8182870149612427 0.0494791679084301 0.030092593282461166 
0 0.4407552182674408 0.8136574029922485 0.0377604179084301 0.030092593282461166 
0 0.4505208432674408 0.7662037014961243 0.0755208358168602 0.032407406717538834 
0 0.44140625 0.7106481790542603 0.0989583358168602 0.032407406717538834 
0 0.462890625 0.6481481790542603 0.0377604179084301 0.02777777798473835 
0 0.4524739682674408 0.5960648059844971 0.07421875 0.030092593282461166 
0 0.44140625 0.5428240895271301 0.0390625 0.030092593282461166 
0 0.4375 0.4895833432674408 0.0755208358168602 0.0347222238779068 
0 0.4381510615348816 0.4375 0.0794270858168602 0.02777777798473835 
0 0.4322916865348816 0.3888888955116272 0.0833333358168602 0.02777777798473835 
0 0.4348958432674408 0.3333333432674408 0.0755208358168602 0.032407406717538834 
0 0.525390625 0.31134259700775146 0.0924479216337204 0.05787036940455437 
0 0.59765625 0.33912035822868347 0.0390625 0.0347222238779068 
0 0.69921875 0.34375 0.0416666679084301 0.0347222238779068 
0 0.65625 0.39004629850387573 0.1015625 0.0347222238779068 
0 0.5520833730697632 0.3865740895271301 0.0390625 0.032407406717538834 
0 0.5514323115348816 0.43518519401550293 0.07421875 0.032407406717538834 
0 0.6686198115348816 0.440972238779068 0.05078125 0.030092593282461166 
0 0.5579427480697632 0.49074074625968933 0.07421875 0.032407406717538834 
0 0.6731771230697632 0.4930555522441864 0.1197916716337204 0.032407406717538834 
0 0.556640625 0.5520833134651184 0.0950520858168602 0.030092593282461166 
0 0.5416666865348816 0.5995370149612427 0.0677083358168602 0.032407406717538834 
0 0.5618489980697632 0.6504629850387573 0.0377604179084301 0.02777777798473835 
0 0.57421875 0.7106481790542603 0.046875 0.02777777798473835 
0 0.58203125 0.7766203880310059 0.046875 0.030092593282461166 
0 0.6829427480697632 0.7662037014961243 0.0768229216337204 0.032407406717538834 
0 0.671875 0.7094907164573669 0.0989583358168602 0.030092593282461166 
0 0.6829427480697632 0.6504629850387573 0.0950520858168602 0.02777777798473835 
0 0.6549479365348816 0.600694477558136 0.0703125 0.030092593282461166 
0 0.71484375 0.5462962985038757 0.0963541716337204 0.032407406717538834 
