0 0.234375 0.019675925374031067 0.0963541716337204 0.039351850748062134 
0 0.21875 0.11689814925193787 0.078125 0.039351850748062134 
0 0.240234375 0.17129629850387573 0.0403645858168602 0.03703703731298447 
0 0.189453125 0.22685185074806213 0.05859375 0.032407406717538834 
0 0.2252604216337204 0.27546295523643494 0.0572916679084301 0.032407406717538834 
0 0.1959635466337204 0.38078704476356506 0.06640625 0.0347222238779068 
0 0.2154947966337204 0.43634259700775146 0.1002604216337204 0.039351850748062134 
0 0.2356770932674408 0.49074074625968933 0.15625 0.03703703731298447 
0 0.2584635615348816 0.6493055820465088 0.22265625 0.039351850748062134 
0 0.2024739682674408 0.7025462985038757 0.0950520858168602 0.0347222238779068 
0 0.23828125 0.7523148059844971 0.140625 0.04629629850387573 
0 0.1998697966337204 0.8113425970077515 0.0950520858168602 0.030092593282461166 
0 0.1940104216337204 0.8599537014961243 0.0807291716337204 0.030092593282461166 
0 0.2259114682674408 0.9166666865348816 0.09765625 0.03703703731298447 
0 0.337890625 0.975694477558136 0.0768229216337204 0.0347222238779068 
0 0.3059895932674408 0.8668981790542603 0.0963541716337204 0.030092593282461166 
0 0.3411458432674408 0.7615740895271301 0.0572916679084301 0.02777777798473835 
0 0.328125 0.7002314925193787 0.0989583358168602 0.039351850748062134 
0 0.326171875 0.6493055820465088 0.0950520858168602 0.0347222238779068 
0 0.3131510615348816 0.5949074029922485 0.1028645858168602 0.03703703731298447 
0 0.3098958432674408 0.5451388955116272 0.0963541716337204 0.039351850748062134 
0 0.3229166865348816 0.4895833432674408 0.09375 0.0347222238779068 
0 0.32421875 0.43287038803100586 0.0963541716337204 0.032407406717538834 
0 0.31640625 0.38310185074806213 0.09375 0.0347222238779068 
0 0.3177083432674408 0.32754629850387573 0.0963541716337204 0.0347222238779068 
0 0.3541666865348816 0.27314814925193787 0.0546875 0.032407406717538834 
0 0.3053385615348816 0.22106482088565826 0.0716145858168602 0.0347222238779068 
0 0.3444010615348816 0.1701388955116272 0.0768229216337204 0.039351850748062134 
0 0.4375 0.10879629850387573 0.0755208358168602 0.0416666679084301 
0 0.4895833432674408 0.06828703731298447 0.0911458358168602 0.08101852238178253 
0 0.5618489980697632 0.04976851865649223 0.0924479216337204 0.04398148134350777 
0 0.5651041865348816 0.015046296641230583 0.0911458358168602 0.030092593282461166 
0 0.4641927182674408 0.1770833283662796 0.0950520858168602 0.030092593282461166 
0 0.39453125 0.21990740299224854 0.0390625 0.03703703731298447 
0 0.4680989682674408 0.28240740299224854 0.0924479216337204 0.02777777798473835 
0 0.5026041865348816 0.22453704476356506 0.0755208358168602 0.032407406717538834 
0 0.4322916865348816 0.3333333432674408 0.0807291716337204 0.032407406717538834 
0 0.4264323115348816 0.39004629850387573 0.0950520858168602 0.030092593282461166 
0 0.4381510615348816 0.4375 0.0794270858168602 0.02777777798473835 
0 0.4388020932674408 0.4895833432674408 0.0755208358168602 0.0347222238779068 
0 0.4348958432674408 0.5439814925193787 0.0755208358168602 0.032407406717538834 
0 0.4440104365348816 0.5960648059844971 0.0390625 0.030092593282461166 
0 0.46875 0.7094907164573669 0.15625 0.0347222238779068 
0 0.4680989682674408 0.7662037014961243 0.09765625 0.032407406717538834 
0 0.4270833432674408 0.8136574029922485 0.0911458358168602 0.030092593282461166 
0 0.4368489682674408 0.8668981790542603 0.0559895858168602 0.030092593282461166 
0 0.4635416865348816 0.9189814925193787 0.0755208358168602 0.032407406717538834 
0 0.4596354365348816 0.9803240895271301 0.0755208358168602 0.0347222238779068 
0 0.5872396230697632 0.9826388955116272 0.0520833358168602 0.030092593282461166 
0 0.5677083730697632 0.9085648059844971 0.0963541716337204 0.030092593282461166 
0 0.5319010615348816 0.8657407760620117 0.0924479216337204 0.032407406717538834 
0 0.53515625 0.8159722089767456 0.09375 0.030092593282461166 
0 0.5930989980697632 0.7685185074806213 0.07421875 0.032407406717538834 
0 0.5748698115348816 0.7106481790542603 0.0481770858168602 0.02777777798473835 
0 0.5657552480697632 0.6481481790542603 0.05078125 0.02777777798473835 
0 0.5553385615348816 0.5995370149612427 0.0768229216337204 0.032407406717538834 
0 0.5475260615348816 0.5497685074806213 0.0768229216337204 0.030092593282461166 
0 0.55859375 0.4895833432674408 0.0729166716337204 0.030092593282461166 
0 0.5514323115348816 0.43518519401550293 0.07421875 0.032407406717538834 
0 0.5520833730697632 0.3854166567325592 0.0390625 0.030092593282461166 
0 0.5462239980697632 0.34375 0.06640625 0.0347222238779068 
0 0.525390625 0.31134259700775146 0.0924479216337204 0.0625 
0 0.60546875 0.2152777761220932 0.0703125 0.0416666679084301 
0 0.5748698115348816 0.17245370149612427 0.1028645858168602 0.039351850748062134 
0 0.7200521230697632 0.15856482088565826 0.0494791679084301 0.0347222238779068 
0 0.701171875 0.11921296268701553 0.08203125 0.0347222238779068 
0 0.705078125 0.08217592537403107 0.0950520858168602 0.05324074253439903 
0 0.71875 0.04398148134350777 0.078125 0.06018518656492233 
0 0.8131510615348816 0.05671296268701553 0.08984375 0.0902777761220932 
0 0.8294271230697632 0.13425925374031067 0.0494791679084301 0.0416666679084301 
0 0.8990885615348816 0.0555555559694767 0.0716145858168602 0.1111111119389534 
0 0.947265625 0.06712962687015533 0.07421875 0.13425925374031067 
0 0.87109375 0.19907407462596893 0.0859375 0.1388888955116272 
0 0.8138021230697632 0.1944444477558136 0.1015625 0.0694444477558136 
0 0.7018229365348816 0.21412037312984467 0.0963541716337204 0.0625 
0 0.6399739980697632 0.2708333432674408 0.0768229216337204 0.03703703731298447 
0 0.7513021230697632 0.26504629850387573 0.0755208358168602 0.04398148134350777 
0 0.673828125 0.34375 0.0924479216337204 0.0347222238779068 
0 0.6569010615348816 0.39004629850387573 0.1002604216337204 0.0347222238779068 
0 0.650390625 0.440972238779068 0.0924479216337204 0.030092593282461166 
0 0.66015625 0.49074074625968933 0.09375 0.032407406717538834 
0 0.6588541865348816 0.5474537014961243 0.078125 0.030092593282461166 
0 0.6438802480697632 0.600694477558136 0.06640625 0.030092593282461166 
0 0.6634114980697632 0.6527777910232544 0.0950520858168602 0.032407406717538834 
0 0.6822916865348816 0.7094907164573669 0.078125 0.030092593282461166 
0 0.701171875 0.7766203880310059 0.0716145858168602 0.030092593282461166 
0 0.673828125 0.8171296119689941 0.0403645858168602 0.02777777798473835 
0 0.6549479365348816 0.8692129850387573 0.0651041716337204 0.030092593282461166 
0 0.6842448115348816 0.9189814925193787 0.09765625 0.032407406717538834 
0 0.736328125 0.96875 0.09765625 0.0347222238779068 
0 0.8040364980697632 0.913194477558136 0.0768229216337204 0.0347222238779068 
0 0.9225260615348816 0.9004629850387573 0.04296875 0.03703703731298447 
0 0.96484375 0.8240740895271301 0.0677083358168602 0.0972222238779068 
0 0.8671875 0.8611111044883728 0.078125 0.04629629850387573 
0 0.7454427480697632 0.8668981790542603 0.09765625 0.030092593282461166 
0 0.7591146230697632 0.8182870149612427 0.0729166716337204 0.030092593282461166 
0 0.8515625 0.8125 0.09375 0.05092592537403107 
0 0.9485677480697632 0.7662037014961243 0.0794270858168602 0.10648148506879807 
0 0.91796875 0.7349537014961243 0.0729166716337204 0.06712962687015533 
0 0.8118489980697632 0.7615740895271301 0.0794270858168602 0.03703703731298447 
0 0.7740885615348816 0.7083333134651184 0.0950520858168602 0.032407406717538834 
0 0.7727864980697632 0.6516203880310059 0.1002604216337204 0.030092593282461166 
0 0.896484375 0.6886574029922485 0.06640625 0.04398148134350777 
0 0.8938802480697632 0.6377314925193787 0.0481770858168602 0.04398148134350777 
0 0.7662760615348816 0.5983796119689941 0.0481770858168602 0.030092593282461166 
0 0.7552083730697632 0.5462962985038757 0.0963541716337204 0.02777777798473835 
0 0.7786458730697632 0.4861111044883728 0.078125 0.0416666679084301 
0 0.783203125 0.43171295523643494 0.0768229216337204 0.0486111119389534 
0 0.7708333730697632 0.37384259700775146 0.0885416716337204 0.05324074253439903 
0 0.814453125 0.30092594027519226 0.0455729179084301 0.04629629850387573 
0 0.8938802480697632 0.2222222238779068 0.0716145858168602 0.11574073880910873 
0 0.876953125 0.29629629850387573 0.07421875 0.10648148506879807 
0 0.9479166865348816 0.19560185074806213 0.0755208358168602 0.09953703731298447 
0 0.9700521230697632 0.28009259700775146 0.0572916679084301 0.10648148506879807 
0 0.8873698115348816 0.3715277910232544 0.0481770858168602 0.0625 
0 0.8834635615348816 0.45370370149612427 0.0768229216337204 0.0694444477558136 
0 0.9739583730697632 0.36574074625968933 0.0494791679084301 0.10648148506879807 
0 0.9817708730697632 0.45023149251937866 0.0338541679084301 0.0625 
0 0.8561198115348816 0.5289351940155029 0.0924479216337204 0.0625 
0 0.9557291865348816 0.5405092835426331 0.0859375 0.09953703731298447 
0 0.9869791865348816 0.5949074029922485 0.0234375 0.06481481343507767 
