0 0.21875 0.11689814925193787 0.078125 0.039351850748062134 
0 0.2350260466337204 0.019675925374031067 0.0950520858168602 0.039351850748062134 
0 0.4895833432674408 0.0694444477558136 0.0911458358168602 0.07870370149612427 
0 0.5618489980697632 0.04976851865649223 0.0924479216337204 0.04398148134350777 
0 0.71875 0.04398148134350777 0.078125 0.06018518656492233 
0 0.705078125 0.08101852238178253 0.0950520858168602 0.05092592537403107 
0 0.8131510615348816 0.05671296268701553 0.08984375 0.0902777761220932 
0 0.8990885615348816 0.0555555559694767 0.0716145858168602 0.1111111119389534 
0 0.947265625 0.06481481343507767 0.07421875 0.12962962687015533 
0 0.8294271230697632 0.13425925374031067 0.0494791679084301 0.0416666679084301 
0 0.701171875 0.11921296268701553 0.08203125 0.0347222238779068 
0 0.7200521230697632 0.15856482088565826 0.0494791679084301 0.0347222238779068 
0 0.6067708730697632 0.17245370149612427 0.0390625 0.0347222238779068 
0 0.4641927182674408 0.1770833283662796 0.0950520858168602 0.030092593282461166 
0 0.3444010615348816 0.1701388955116272 0.0768229216337204 0.039351850748062134 
0 0.240234375 0.17129629850387573 0.0403645858168602 0.03703703731298447 
0 0.4375 0.10879629850387573 0.0755208358168602 0.0416666679084301 
0 0.189453125 0.22685185074806213 0.05859375 0.032407406717538834 
0 0.3138020932674408 0.22106482088565826 0.0546875 0.0347222238779068 
0 0.2252604216337204 0.27546295523643494 0.0572916679084301 0.032407406717538834 
0 0.19140625 0.38078704476356506 0.0546875 0.0347222238779068 
0 0.2154947966337204 0.43634259700775146 0.1002604216337204 0.039351850748062134 
0 0.208984375 0.49074074625968933 0.1028645858168602 0.03703703731298447 
0 0.197265625 0.6504629850387573 0.1002604216337204 0.03703703731298447 
0 0.2024739682674408 0.7025462985038757 0.0950520858168602 0.0347222238779068 
0 0.2376302182674408 0.756944477558136 0.1393229216337204 0.03703703731298447 
0 0.1998697966337204 0.8113425970077515 0.0950520858168602 0.030092593282461166 
0 0.1927083432674408 0.8599537014961243 0.0833333358168602 0.030092593282461166 
0 0.2259114682674408 0.9178240895271301 0.09765625 0.039351850748062134 
0 0.31640625 0.8668981790542603 0.0390625 0.030092593282461166 
0 0.337890625 0.975694477558136 0.0768229216337204 0.0347222238779068 
0 0.4596354365348816 0.9803240895271301 0.0755208358168602 0.0347222238779068 
0 0.4635416865348816 0.9189814925193787 0.0755208358168602 0.032407406717538834 
0 0.5677083730697632 0.9097222089767456 0.0963541716337204 0.032407406717538834 
0 0.5872396230697632 0.9826388955116272 0.0520833358168602 0.030092593282461166 
0 0.6842448115348816 0.9189814925193787 0.09765625 0.032407406717538834 
0 0.8040364980697632 0.913194477558136 0.0768229216337204 0.0347222238779068 
0 0.736328125 0.96875 0.09765625 0.0347222238779068 
0 0.8736979365348816 0.975694477558136 0.09375 0.04398148134350777 
0 0.9231771230697632 0.9004629850387573 0.0416666679084301 0.03703703731298447 
0 0.96484375 0.8240740895271301 0.0677083358168602 0.0972222238779068 
0 0.8671875 0.8611111044883728 0.078125 0.04629629850387573 
0 0.7454427480697632 0.8668981790542603 0.09765625 0.030092593282461166 
0 0.6614583730697632 0.8692129850387573 0.0520833358168602 0.030092593282461166 
0 0.5319010615348816 0.8657407760620117 0.0924479216337204 0.032407406717538834 
0 0.4368489682674408 0.8668981790542603 0.0559895858168602 0.030092593282461166 
0 0.4270833432674408 0.8136574029922485 0.0911458358168602 0.030092593282461166 
0 0.5638021230697632 0.8171296119689941 0.0364583358168602 0.02777777798473835 
0 0.673828125 0.8171296119689941 0.0403645858168602 0.02777777798473835 
0 0.7428385615348816 0.8159722089767456 0.0924479216337204 0.030092593282461166 
0 0.8515625 0.8125 0.09375 0.05092592537403107 
0 0.9485677480697632 0.7662037014961243 0.0794270858168602 0.10648148506879807 
0 0.91796875 0.7349537014961243 0.0729166716337204 0.06712962687015533 
0 0.8118489980697632 0.7615740895271301 0.0794270858168602 0.03703703731298447 
0 0.689453125 0.7766203880310059 0.0924479216337204 0.030092593282461166 
0 0.5930989980697632 0.7685185074806213 0.07421875 0.032407406717538834 
0 0.4680989682674408 0.7662037014961243 0.09765625 0.032407406717538834 
0 0.3404948115348816 0.7615740895271301 0.0559895858168602 0.02777777798473835 
0 0.328125 0.7002314925193787 0.0989583358168602 0.039351850748062134 
0 0.4583333432674408 0.7094907164573669 0.1354166716337204 0.0347222238779068 
0 0.5748698115348816 0.7106481790542603 0.0481770858168602 0.02777777798473835 
0 0.6829427480697632 0.7094907164573669 0.0768229216337204 0.030092593282461166 
0 0.7740885615348816 0.7083333134651184 0.0950520858168602 0.032407406717538834 
0 0.90625 0.6886574029922485 0.046875 0.04398148134350777 
0 0.89453125 0.6377314925193787 0.0494791679084301 0.04398148134350777 
0 0.7727864980697632 0.6516203880310059 0.1002604216337204 0.030092593282461166 
0 0.6634114980697632 0.6527777910232544 0.0950520858168602 0.032407406717538834 
0 0.5657552480697632 0.6481481790542603 0.05078125 0.02777777798473835 
0 0.326171875 0.6504629850387573 0.0950520858168602 0.032407406717538834 
0 0.3131510615348816 0.5949074029922485 0.1028645858168602 0.03703703731298447 
0 0.4453125 0.5960648059844971 0.0390625 0.030092593282461166 
0 0.5553385615348816 0.5995370149612427 0.0768229216337204 0.032407406717538834 
0 0.6438802480697632 0.600694477558136 0.06640625 0.030092593282461166 
0 0.7662760615348816 0.5983796119689941 0.0481770858168602 0.030092593282461166 
0 0.8619791865348816 0.5879629850387573 0.09375 0.0416666679084301 
0 0.9557291865348816 0.5393518805503845 0.0859375 0.10185185074806213 
0 0.9811198115348816 0.45023149251937866 0.03515625 0.0625 
0 0.8561198115348816 0.5289351940155029 0.0924479216337204 0.0625 
0 0.7552083730697632 0.5474537014961243 0.0963541716337204 0.030092593282461166 
0 0.6725260615348816 0.5462962985038757 0.05078125 0.02777777798473835 
0 0.5475260615348816 0.5497685074806213 0.0768229216337204 0.030092593282461166 
0 0.4348958432674408 0.5439814925193787 0.0755208358168602 0.032407406717538834 
0 0.3098958432674408 0.5462962985038757 0.0963541716337204 0.03703703731298447 
0 0.34375 0.4895833432674408 0.0520833358168602 0.030092593282461166 
0 0.341796875 0.43287038803100586 0.0377604179084301 0.032407406717538834 
0 0.3430989682674408 0.3819444477558136 0.0403645858168602 0.032407406717538834 
0 0.3463541865348816 0.32754629850387573 0.0390625 0.030092593282461166 
0 0.36328125 0.2743055522441864 0.0390625 0.0347222238779068 
0 0.39453125 0.21990740299224854 0.0390625 0.03703703731298447 
0 0.5032552480697632 0.2256944477558136 0.0768229216337204 0.0347222238779068 
0 0.6061198115348816 0.2152777761220932 0.0690104216337204 0.0416666679084301 
0 0.7018229365348816 0.21412037312984467 0.0963541716337204 0.0625 
0 0.8118489980697632 0.1979166716337204 0.10546875 0.0763888880610466 
0 0.8723958730697632 0.18981482088565826 0.0885416716337204 0.15740740299224854 
0 0.89453125 0.21875 0.0729166716337204 0.10879629850387573 
0 0.9479166865348816 0.2013888955116272 0.0755208358168602 0.1111111119389534 
0 0.876953125 0.29629629850387573 0.07421875 0.10648148506879807 
0 0.9700521230697632 0.28125 0.0572916679084301 0.1041666641831398 
0 0.974609375 0.3645833432674408 0.0481770858168602 0.1041666641831398 
0 0.8841146230697632 0.45370370149612427 0.0755208358168602 0.0694444477558136 
0 0.779296875 0.4861111044883728 0.0768229216337204 0.0416666679084301 
0 0.66015625 0.49189814925193787 0.09375 0.030092593282461166 
0 0.55859375 0.4895833432674408 0.0729166716337204 0.030092593282461166 
0 0.4388020932674408 0.4895833432674408 0.0755208358168602 0.0347222238779068 
0 0.4401041865348816 0.43634259700775146 0.0755208358168602 0.025462962687015533 
0 0.5514323115348816 0.43518519401550293 0.07421875 0.032407406717538834 
0 0.650390625 0.440972238779068 0.0924479216337204 0.030092593282461166 
0 0.775390625 0.43171295523643494 0.0924479216337204 0.0486111119389534 
0 0.8873698115348816 0.3715277910232544 0.0481770858168602 0.0625 
0 0.7708333730697632 0.37384259700775146 0.0885416716337204 0.05324074253439903 
0 0.814453125 0.30092594027519226 0.0455729179084301 0.04629629850387573 
0 0.685546875 0.34259259700775146 0.0690104216337204 0.03703703731298447 
0 0.6569010615348816 0.39004629850387573 0.1002604216337204 0.0347222238779068 
0 0.5520833730697632 0.3865740895271301 0.0390625 0.032407406717538834 
0 0.4264323115348816 0.39004629850387573 0.0950520858168602 0.030092593282461166 
0 0.4322916865348816 0.3333333432674408 0.0807291716337204 0.032407406717538834 
0 0.4680989682674408 0.28125 0.0950520858168602 0.030092593282461166 
0 0.525390625 0.31134259700775146 0.0924479216337204 0.0625 
0 0.5455729365348816 0.34375 0.0651041716337204 0.0347222238779068 
0 0.6399739980697632 0.2708333432674408 0.0768229216337204 0.03703703731298447 
