0 0.240234375 0.17129629850387573 0.0403645858168602 0.03703703731298447 
0 0.2845052182674408 0.025462962687015533 0.37109375 0.05092592537403107 
0 0.314453125 0.019675925374031067 0.3033854365348816 0.039351850748062134 
0 0.4251302182674408 0.0173611119389534 0.0924479216337204 0.0347222238779068 
0 0.580078125 0.04976851865649223 0.0950520858168602 0.039351850748062134 
0 0.71484375 0.05324074253439903 0.078125 0.07407407462596893 
0 0.6875 0.09953703731298447 0.0911458358168602 0.07407407462596893 
0 0.7942708730697632 0.0694444477558136 0.0755208358168602 0.0694444477558136 
0 0.8977864980697632 0.0555555559694767 0.0716145858168602 0.1111111119389534 
0 0.9498698115348816 0.06018518656492233 0.06640625 0.12037037312984467 
0 0.1888020932674408 0.2256944477558136 0.0598958358168602 0.0347222238779068 
0 0.3444010615348816 0.17129629850387573 0.0768229216337204 0.03703703731298447 
0 0.4635416865348816 0.1770833283662796 0.09375 0.030092593282461166 
0 0.57421875 0.17476852238178253 0.1015625 0.039351850748062134 
0 0.7141927480697632 0.15856482088565826 0.0403645858168602 0.0347222238779068 
0 0.720703125 0.1215277761220932 0.0403645858168602 0.0347222238779068 
0 0.828125 0.13425925374031067 0.0494791679084301 0.0416666679084301 
0 0.3138020932674408 0.22106482088565826 0.0546875 0.0347222238779068 
0 0.39453125 0.21990740299224854 0.0390625 0.03703703731298447 
0 0.2252604216337204 0.27546295523643494 0.0572916679084301 0.032407406717538834 
0 0.15234375 0.3819444477558136 0.0546875 0.032407406717538834 
0 0.21484375 0.4375 0.0989583358168602 0.032407406717538834 
0 0.208984375 0.49074074625968933 0.1028645858168602 0.03703703731298447 
0 0.201171875 0.5439814925193787 0.0794270858168602 0.032407406717538834 
0 0.2083333432674408 0.5925925970077515 0.1015625 0.03703703731298447 
0 0.212890625 0.6504629850387573 0.0950520858168602 0.032407406717538834 
0 0.203125 0.6990740895271301 0.0963541716337204 0.0416666679084301 
0 0.21875 0.7604166865348816 0.0572916679084301 0.030092593282461166 
0 0.1888020932674408 0.8587962985038757 0.09375 0.032407406717538834 
0 0.2265625 0.9143518805503845 0.0963541716337204 0.03703703731298447 
0 0.2415364682674408 0.975694477558136 0.0768229216337204 0.030092593282461166 
0 0.361328125 0.975694477558136 0.0377604179084301 0.030092593282461166 
0 0.3059895932674408 0.8668981790542603 0.0963541716337204 0.030092593282461166 
0 0.3033854365348816 0.8125 0.09375 0.032407406717538834 
0 0.330078125 0.7604166865348816 0.09765625 0.030092593282461166 
0 0.291015625 0.6990740895271301 0.1731770932674408 0.0416666679084301 
0 0.322265625 0.5960648059844971 0.08203125 0.0347222238779068 
0 0.3118489682674408 0.5439814925193787 0.0768229216337204 0.032407406717538834 
0 0.3326823115348816 0.49074074625968933 0.07421875 0.032407406717538834 
0 0.318359375 0.4340277910232544 0.0846354216337204 0.0347222238779068 
0 0.3157552182674408 0.38310185074806213 0.0924479216337204 0.0347222238779068 
0 0.3177083432674408 0.32870370149612427 0.0963541716337204 0.03703703731298447 
0 0.36328125 0.2743055522441864 0.0390625 0.0347222238779068 
0 0.4674479365348816 0.28240740299224854 0.09375 0.02777777798473835 
0 0.5032552480697632 0.22800925374031067 0.07421875 0.030092593282461166 
0 0.4348958432674408 0.3333333432674408 0.0755208358168602 0.032407406717538834 
0 0.4264323115348816 0.3888888955116272 0.0950520858168602 0.02777777798473835 
0 0.4381510615348816 0.4375 0.0794270858168602 0.02777777798473835 
0 0.4375 0.4895833432674408 0.0755208358168602 0.0347222238779068 
0 0.4459635615348816 0.5428240895271301 0.0481770858168602 0.030092593282461166 
0 0.4524739682674408 0.5960648059844971 0.07421875 0.030092593282461166 
0 0.462890625 0.6481481790542603 0.0377604179084301 0.02777777798473835 
0 0.44140625 0.7106481790542603 0.0989583358168602 0.032407406717538834 
0 0.4505208432674408 0.7662037014961243 0.0755208358168602 0.032407406717538834 
0 0.4407552182674408 0.8136574029922485 0.0377604179084301 0.030092593282461166 
0 0.4361979365348816 0.8668981790542603 0.0546875 0.030092593282461166 
0 0.4635416865348816 0.9201388955116272 0.0755208358168602 0.0347222238779068 
0 0.466796875 0.9814814925193787 0.0611979179084301 0.032407406717538834 
0 0.6002604365348816 0.9791666865348816 0.0807291716337204 0.03703703731298447 
0 0.568359375 0.9085648059844971 0.0950520858168602 0.030092593282461166 
0 0.5305989980697632 0.8703703880310059 0.0924479216337204 0.0416666679084301 
0 0.5384114980697632 0.8182870149612427 0.0481770858168602 0.030092593282461166 
0 0.55859375 0.7754629850387573 0.09375 0.02777777798473835 
0 0.57421875 0.7106481790542603 0.0494791679084301 0.02777777798473835 
0 0.5625 0.6504629850387573 0.0390625 0.02777777798473835 
0 0.5416666865348816 0.5995370149612427 0.0677083358168602 0.032407406717538834 
0 0.556640625 0.5532407164573669 0.0950520858168602 0.032407406717538834 
0 0.5579427480697632 0.49074074625968933 0.07421875 0.032407406717538834 
0 0.5514323115348816 0.43518519401550293 0.07421875 0.032407406717538834 
0 0.5520833730697632 0.3865740895271301 0.0390625 0.032407406717538834 
0 0.59765625 0.33912035822868347 0.0390625 0.0347222238779068 
0 0.525390625 0.31134259700775146 0.0924479216337204 0.05787036940455437 
0 0.6393229365348816 0.2708333432674408 0.0755208358168602 0.03703703731298447 
0 0.6067708730697632 0.2152777761220932 0.0677083358168602 0.03703703731298447 
0 0.7018229365348816 0.21296297013759613 0.0963541716337204 0.06018518656492233 
0 0.7506510615348816 0.26504629850387573 0.0768229216337204 0.04398148134350777 
0 0.8111979365348816 0.1979166716337204 0.1041666716337204 0.0763888880610466 
0 0.8131510615348816 0.30092594027519226 0.0455729179084301 0.04629629850387573 
0 0.673828125 0.34375 0.0924479216337204 0.0347222238779068 
0 0.65625 0.39004629850387573 0.1015625 0.0347222238779068 
0 0.650390625 0.440972238779068 0.0924479216337204 0.0347222238779068 
0 0.6608073115348816 0.49074074625968933 0.0950520858168602 0.02777777798473835 
0 0.7825521230697632 0.43171295523643494 0.0755208358168602 0.0486111119389534 
0 0.7766927480697632 0.37384259700775146 0.07421875 0.05324074253439903 
0 0.8756510615348816 0.29629629850387573 0.07421875 0.10648148506879807 
0 0.8932291865348816 0.2222222238779068 0.0729166716337204 0.11574073880910873 
0 0.8697916865348816 0.19675925374031067 0.0755208358168602 0.12962962687015533 
0 0.9466146230697632 0.20254629850387573 0.0755208358168602 0.11342592537403107 
0 0.9700521230697632 0.28125 0.0572916679084301 0.1041666641831398 
0 0.88671875 0.3715277910232544 0.0494791679084301 0.0625 
0 0.8828125 0.45370370149612427 0.0755208358168602 0.0694444477558136 
0 0.9739583730697632 0.36574074625968933 0.0494791679084301 0.10648148506879807 
0 0.7779948115348816 0.4861111044883728 0.0768229216337204 0.0416666679084301 
0 0.7141927480697632 0.5462962985038757 0.0950520858168602 0.032407406717538834 
0 0.6549479365348816 0.600694477558136 0.0703125 0.030092593282461166 
0 0.68359375 0.6504629850387573 0.0963541716337204 0.02777777798473835 
0 0.6712239980697632 0.7083333134651184 0.09765625 0.02777777798473835 
0 0.6829427480697632 0.7662037014961243 0.0768229216337204 0.032407406717538834 
0 0.6236979365348816 0.819444477558136 0.0911458358168602 0.02777777798473835 
0 0.6614583730697632 0.8692129850387573 0.0520833358168602 0.030092593282461166 
0 0.6842448115348816 0.9189814925193787 0.09765625 0.032407406717538834 
0 0.736328125 0.96875 0.09765625 0.0347222238779068 
0 0.802734375 0.913194477558136 0.0768229216337204 0.0347222238779068 
0 0.74609375 0.8657407760620117 0.09375 0.02777777798473835 
0 0.7421875 0.8206018805503845 0.09375 0.030092593282461166 
0 0.7936198115348816 0.7650462985038757 0.0768229216337204 0.0347222238779068 
0 0.7734375 0.7083333134651184 0.09375 0.032407406717538834 
0 0.7877604365348816 0.6539351940155029 0.09375 0.030092593282461166 
0 0.76171875 0.59375 0.09375 0.030092593282461166 
0 0.8561198115348816 0.5358796119689941 0.04296875 0.0347222238779068 
0 0.86328125 0.5879629850387573 0.0885416716337204 0.05092592537403107 
0 0.908203125 0.6215277910232544 0.0716145858168602 0.0763888880610466 
0 0.9733073115348816 0.5358796119689941 0.05078125 0.10879629850387573 
0 0.9524739980697632 0.472222238779068 0.0716145858168602 0.08796296268701553 
0 0.9850260615348816 0.600694477558136 0.02734375 0.07175926119089127 
0 0.90625 0.6875 0.046875 0.0416666679084301 
0 0.9016927480697632 0.7395833134651184 0.05078125 0.0486111119389534 
0 0.869140625 0.8043981790542603 0.07421875 0.0486111119389534 
0 0.8665364980697632 0.8611111044883728 0.0794270858168602 0.04629629850387573 
0 0.9225260615348816 0.8993055820465088 0.04296875 0.0347222238779068 
0 0.96484375 0.8240740895271301 0.0677083358168602 0.0972222238779068 
0 0.9596354365348816 0.7638888955116272 0.0677083358168602 0.08796296268701553 
0 0.970703125 0.6770833134651184 0.0559895858168602 0.10879629850387573 
0 0.9811198115348816 0.8773148059844971 0.03515625 0.05092592537403107 
0 0.947265625 0.9618055820465088 0.0533854179084301 0.0486111119389534 
0 0.8255208730697632 0.9861111044883728 0.0625 0.023148149251937866 
