0 0.0859375 0.09953703731298447 0.078125 0.03703703731298447 
0 0.02473958395421505 0.0243055559694767 0.0442708358168602 0.039351850748062134 
0 0.03125 0.15162037312984467 0.0625 0.0486111119389534 
0 0.033203125 0.204861119389534 0.06640625 0.0486111119389534 
0 0.0865885466337204 0.2465277761220932 0.0533854179084301 0.0347222238779068 
0 0.029296875 0.31134259700775146 0.05859375 0.05324074253439903 
0 0.1217447966337204 0.35648149251937866 0.0950520858168602 0.032407406717538834 
0 0.037109375 0.42129629850387573 0.07421875 0.0555555559694767 
0 0.03515625 0.47800925374031067 0.0703125 0.0625 
0 0.0319010429084301 0.5462962985038757 0.0638020858168602 0.06018518656492233 
0 0.01302083395421505 0.6331018805503845 0.0260416679084301 0.0486111119389534 
0 0.029296875 0.694444477558136 0.05859375 0.09259259700775146 
0 0.02734375 0.7511574029922485 0.0546875 0.09953703731298447 
0 0.0299479179084301 0.8032407760620117 0.0598958358168602 0.125 
0 0.0625 0.819444477558136 0.0755208358168602 0.06481481343507767 
0 0.060546875 0.8773148059844971 0.05078125 0.0416666679084301 
0 0.1380208432674408 0.7476851940155029 0.0755208358168602 0.04629629850387573 
0 0.0891927108168602 0.7048611044883728 0.0455729179084301 0.04398148134350777 
0 0.1009114608168602 0.6377314925193787 0.08203125 0.06712962687015533 
0 0.1165364608168602 0.5798611044883728 0.0950520858168602 0.0486111119389534 
0 0.1119791716337204 0.5254629850387573 0.078125 0.04629629850387573 
0 0.109375 0.4652777910232544 0.0416666679084301 0.032407406717538834 
0 0.12109375 0.4178240895271301 0.0833333358168602 0.0347222238779068 
0 0.21875 0.30324074625968933 0.1015625 0.032407406717538834 
0 0.1165364608168602 0.30439814925193787 0.0950520858168602 0.0347222238779068 
0 0.2096354216337204 0.24537037312984467 0.0807291716337204 0.032407406717538834 
0 0.1471354216337204 0.1909722238779068 0.0963541716337204 0.030092593282461166 
0 0.150390625 0.16550925374031067 0.0950520858168602 0.07175926119089127 
0 0.1946614682674408 0.09490741044282913 0.0768229216337204 0.03703703731298447 
0 0.1536458432674408 0.04629629850387573 0.0989583358168602 0.03703703731298447 
0 0.279296875 0.14351852238178253 0.0533854179084301 0.032407406717538834 
0 0.3216145932674408 0.09953703731298447 0.0963541716337204 0.03703703731298447 
0 0.330078125 0.0347222238779068 0.0924479216337204 0.032407406717538834 
0 0.416015625 0.0243055559694767 0.07421875 0.0486111119389534 
0 0.5266927480697632 0.03703703731298447 0.0377604179084301 0.032407406717538834 
0 0.6477864980697632 0.03703703731298447 0.0768229216337204 0.03703703731298447 
0 0.42578125 0.09259259700775146 0.0755208358168602 0.03703703731298447 
0 0.662109375 0.09375 0.0950520858168602 0.039351850748062134 
0 0.6751302480697632 0.14351852238178253 0.0559895858168602 0.032407406717538834 
0 0.5598958730697632 0.14467592537403107 0.0572916679084301 0.030092593282461166 
0 0.349609375 0.19328704476356506 0.0481770858168602 0.0347222238779068 
0 0.2669270932674408 0.19328704476356506 0.09375 0.030092593282461166 
0 0.3287760615348816 0.25 0.0924479216337204 0.03703703731298447 
0 0.4192708432674408 0.24189814925193787 0.0494791679084301 0.030092593282461166 
0 0.55859375 0.19907407462596893 0.0390625 0.032407406717538834 
0 0.548828125 0.25462964177131653 0.0794270858168602 0.03703703731298447 
0 0.671875 0.25115740299224854 0.0989583358168602 0.0347222238779068 
0 0.685546875 0.31134259700775146 0.0950520858168602 0.039351850748062134 
0 0.5611979365348816 0.3090277910232544 0.0989583358168602 0.04398148134350777 
0 0.4479166865348816 0.3020833432674408 0.0989583358168602 0.0347222238779068 
0 0.3151041865348816 0.30092594027519226 0.0494791679084301 0.02777777798473835 
0 0.3216145932674408 0.35995370149612427 0.0963541716337204 0.030092593282461166 
0 0.24609375 0.409722238779068 0.09375 0.032407406717538834 
0 0.2408854216337204 0.46412038803100586 0.0963541716337204 0.0347222238779068 
0 0.3509114682674408 0.45949074625968933 0.0950520858168602 0.030092593282461166 
0 0.3470052182674408 0.41203704476356506 0.0690104216337204 0.03703703731298447 
0 0.4609375 0.36226850748062134 0.0416666679084301 0.030092593282461166 
0 0.6673177480697632 0.36226850748062134 0.0403645858168602 0.030092593282461166 
0 0.5377604365348816 0.41435185074806213 0.0546875 0.032407406717538834 
0 0.4375 0.4166666567325592 0.0755208358168602 0.032407406717538834 
0 0.6796875 0.4166666567325592 0.1015625 0.03703703731298447 
0 0.71875 0.46643519401550293 0.0807291716337204 0.0347222238779068 
0 0.578125 0.46875 0.078125 0.0347222238779068 
0 0.4420573115348816 0.46759259700775146 0.05078125 0.032407406717538834 
0 0.3313802182674408 0.5219907164573669 0.07421875 0.0347222238779068 
0 0.23046875 0.5185185074806213 0.09375 0.032407406717538834 
0 0.23046875 0.569444477558136 0.0729166716337204 0.032407406717538834 
0 0.337890625 0.5763888955116272 0.07421875 0.032407406717538834 
0 0.4518229365348816 0.5717592835426331 0.0807291716337204 0.032407406717538834 
0 0.451171875 0.5219907164573669 0.0768229216337204 0.0347222238779068 
0 0.5455729365348816 0.5219907164573669 0.0520833358168602 0.0347222238779068 
0 0.6803385615348816 0.5208333134651184 0.1002604216337204 0.03703703731298447 
0 0.5481771230697632 0.5775462985038757 0.0390625 0.0347222238779068 
0 0.6744791865348816 0.5717592835426331 0.0989583358168602 0.03703703731298447 
0 0.6751302480697632 0.6273148059844971 0.0924479216337204 0.03703703731298447 
0 0.5579427480697632 0.6238425970077515 0.09765625 0.04398148134350777 
0 0.443359375 0.6261574029922485 0.05859375 0.0347222238779068 
0 0.330078125 0.6203703880310059 0.1028645858168602 0.03703703731298447 
0 0.1959635466337204 0.6273148059844971 0.05078125 0.03703703731298447 
0 0.19921875 0.6678240895271301 0.0416666679084301 0.0347222238779068 
0 0.3033854365348816 0.6712962985038757 0.0390625 0.03703703731298447 
0 0.443359375 0.6805555820465088 0.0950520858168602 0.0416666679084301 
0 0.5625 0.6805555820465088 0.0807291716337204 0.032407406717538834 
0 0.69140625 0.6793981790542603 0.0963541716337204 0.039351850748062134 
0 0.6634114980697632 0.7349537014961243 0.0559895858168602 0.0347222238779068 
0 0.525390625 0.7372685074806213 0.0377604179084301 0.039351850748062134 
0 0.421875 0.7291666865348816 0.09375 0.032407406717538834 
0 0.2506510615348816 0.7407407760620117 0.0768229216337204 0.03703703731298447 
0 0.1875 0.7974537014961243 0.0963541716337204 0.05787036940455437 
0 0.169921875 0.8530092835426331 0.05078125 0.0347222238779068 
0 0.1673177182674408 0.8900462985038757 0.0403645858168602 0.0347222238779068 
0 0.1796875 0.9409722089767456 0.0911458358168602 0.0625 
0 0.0592447929084301 0.9432870149612427 0.09765625 0.0486111119389534 
0 0.28515625 0.9085648059844971 0.0963541716337204 0.039351850748062134 
0 0.3079427182674408 0.9618055820465088 0.0924479216337204 0.039351850748062134 
0 0.4251302182674408 0.9074074029922485 0.07421875 0.0416666679084301 
0 0.5703125 0.8912037014961243 0.0989583358168602 0.0416666679084301 
0 0.544921875 0.8402777910232544 0.0768229216337204 0.03703703731298447 
0 0.6490885615348816 0.8391203880310059 0.0403645858168602 0.039351850748062134 
0 0.5755208730697632 0.7916666865348816 0.0546875 0.03703703731298447 
0 0.6946614980697632 0.7847222089767456 0.0481770858168602 0.032407406717538834 
0 0.4947916865348816 0.7893518805503845 0.0390625 0.03703703731298447 
0 0.3671875 0.7824074029922485 0.0390625 0.032407406717538834 
0 0.314453125 0.8356481790542603 0.1028645858168602 0.0416666679084301 
0 0.2825520932674408 0.7962962985038757 0.0677083358168602 0.0416666679084301 
0 0.673828125 0.9502314925193787 0.0403645858168602 0.039351850748062134 
0 0.42578125 0.8333333134651184 0.09375 0.032407406717538834 
