0 0.0364583358168602 0.15509259700775146 0.0729166716337204 0.0416666679084301 
0 0.03059895895421505 0.21759259700775146 0.0611979179084301 0.03703703731298447 
0 0.0852864608168602 0.27893519401550293 0.0768229216337204 0.0347222238779068 
0 0.03059895895421505 0.33101850748062134 0.0611979179084301 0.04629629850387573 
0 0.041015625 0.37731480598449707 0.08203125 0.05092592537403107 
0 0.078125 0.4201388955116272 0.046875 0.0347222238779068 
0 0.1171875 0.375 0.046875 0.032407406717538834 
0 0.1419270932674408 0.3263888955116272 0.09375 0.02777777798473835 
0 0.1940104216337204 0.27546295523643494 0.078125 0.03703703731298447 
0 0.15234375 0.2256944477558136 0.0963541716337204 0.0347222238779068 
0 0.1061197966337204 0.1840277761220932 0.04296875 0.039351850748062134 
0 0.2109375 0.1666666716337204 0.0416666679084301 0.03703703731298447 
0 0.3326823115348816 0.15046297013759613 0.07421875 0.03703703731298447 
0 0.302734375 0.2118055522441864 0.0533854179084301 0.0347222238779068 
0 0.4296875 0.2118055522441864 0.0755208358168602 0.039351850748062134 
0 0.4466145932674408 0.15162037312984467 0.0390625 0.0347222238779068 
0 0.56640625 0.1527777761220932 0.0520833358168602 0.03703703731298447 
0 0.5520833730697632 0.21990740299224854 0.0807291716337204 0.03703703731298447 
0 0.6875 0.15046297013759613 0.0546875 0.03703703731298447 
0 0.6888021230697632 0.2222222238779068 0.09375 0.0416666679084301 
0 0.7467448115348816 0.2743055522441864 0.05859375 0.0347222238779068 
0 0.6959635615348816 0.33217594027519226 0.08984375 0.0347222238779068 
0 0.6881510615348816 0.3819444477558136 0.0950520858168602 0.03703703731298447 
0 0.5826823115348816 0.32754629850387573 0.0611979179084301 0.0347222238779068 
0 0.5325521230697632 0.27314814925193787 0.1197916716337204 0.0416666679084301 
0 0.42578125 0.2743055522441864 0.0755208358168602 0.0347222238779068 
0 0.3216145932674408 0.28240740299224854 0.0963541716337204 0.032407406717538834 
0 0.2272135466337204 0.3240740895271301 0.0533854179084301 0.032407406717538834 
0 0.2154947966337204 0.37615740299224854 0.0403645858168602 0.030092593282461166 
0 0.2180989682674408 0.4236111044883728 0.0768229216337204 0.032407406717538834 
0 0.1145833358168602 0.48495370149612427 0.09375 0.0347222238779068 
0 0.115234375 0.5416666865348816 0.09765625 0.032407406717538834 
0 0.037109375 0.6041666865348816 0.07421875 0.0416666679084301 
0 0.123046875 0.59375 0.0481770858168602 0.030092593282461166 
0 0.0397135429084301 0.6620370149612427 0.0794270858168602 0.06481481343507767 
0 0.03125 0.725694477558136 0.0625 0.0625 
0 0.0325520858168602 0.7974537014961243 0.0651041716337204 0.0902777761220932 
0 0.0325520858168602 0.8773148059844971 0.0651041716337204 0.10648148506879807 
0 0.03515625 0.9594907760620117 0.0546875 0.0763888880610466 
0 0.076171875 0.8923611044883728 0.0455729179084301 0.0486111119389534 
0 0.138671875 0.9282407760620117 0.0768229216337204 0.04629629850387573 
0 0.1106770858168602 0.8182870149612427 0.0729166716337204 0.05324074253439903 
0 0.107421875 0.7615740895271301 0.0768229216337204 0.05092592537403107 
0 0.111328125 0.7071759104728699 0.0794270858168602 0.04398148134350777 
0 0.1341145932674408 0.6446759104728699 0.0963541716337204 0.030092593282461166 
0 0.2161458432674408 0.6458333134651184 0.0494791679084301 0.032407406717538834 
0 0.2447916716337204 0.5902777910232544 0.0677083358168602 0.032407406717538834 
0 0.2311197966337204 0.5416666865348816 0.0403645858168602 0.02777777798473835 
0 0.2180989682674408 0.48495370149612427 0.1028645858168602 0.030092593282461166 
0 0.333984375 0.4826388955116272 0.08984375 0.030092593282461166 
0 0.341796875 0.42129629850387573 0.1002604216337204 0.032407406717538834 
0 0.34765625 0.375 0.0807291716337204 0.032407406717538834 
0 0.3515625 0.32523149251937866 0.0807291716337204 0.030092593282461166 
0 0.4524739682674408 0.32523149251937866 0.0559895858168602 0.030092593282461166 
0 0.4622395932674408 0.37731480598449707 0.09375 0.032407406717538834 
0 0.4537760615348816 0.42939814925193787 0.08203125 0.0347222238779068 
0 0.4485677182674408 0.4826388955116272 0.1002604216337204 0.0347222238779068 
0 0.5670573115348816 0.43518519401550293 0.1158854216337204 0.0416666679084301 
0 0.5611979365348816 0.48842594027519226 0.0989583358168602 0.0416666679084301 
0 0.685546875 0.49074074625968933 0.0950520858168602 0.03703703731298447 
0 0.5716146230697632 0.5428240895271301 0.1223958358168602 0.04398148134350777 
0 0.4602864682674408 0.5416666865348816 0.0794270858168602 0.032407406717538834 
0 0.3248698115348816 0.5428240895271301 0.0533854179084301 0.030092593282461166 
0 0.3333333432674408 0.59375 0.0755208358168602 0.0347222238779068 
0 0.4446614682674408 0.5960648059844971 0.0377604179084301 0.030092593282461166 
0 0.5768229365348816 0.59375 0.1015625 0.039351850748062134 
0 0.6809896230697632 0.6481481790542603 0.1041666716337204 0.03703703731298447 
0 0.5846354365348816 0.6458333134651184 0.109375 0.03703703731298447 
0 0.4537760615348816 0.6481481790542603 0.0768229216337204 0.032407406717538834 
0 0.3411458432674408 0.6446759104728699 0.0755208358168602 0.030092593282461166 
0 0.3307291865348816 0.7037037014961243 0.0755208358168602 0.032407406717538834 
0 0.2291666716337204 0.7002314925193787 0.09375 0.030092593282461166 
0 0.228515625 0.7523148059844971 0.0690104216337204 0.032407406717538834 
0 0.2317708432674408 0.8020833134651184 0.1015625 0.0347222238779068 
0 0.189453125 0.8495370149612427 0.0403645858168602 0.03703703731298447 
0 0.2578125 0.9236111044883728 0.09375 0.03703703731298447 
0 0.267578125 0.9791666865348816 0.0403645858168602 0.03703703731298447 
0 0.3684895932674408 0.9652777910232544 0.0416666679084301 0.032407406717538834 
0 0.494140625 0.9722222089767456 0.0377604179084301 0.03703703731298447 
0 0.5826823115348816 0.9722222089767456 0.0403645858168602 0.03703703731298447 
0 0.6979166865348816 0.9664351940155029 0.0546875 0.0347222238779068 
0 0.6634114980697632 0.9166666865348816 0.0559895858168602 0.032407406717538834 
0 0.5247396230697632 0.9189814925193787 0.0390625 0.03703703731298447 
0 0.4205729365348816 0.9097222089767456 0.09375 0.032407406717538834 
0 0.3639323115348816 0.8796296119689941 0.0924479216337204 0.06018518656492233 
0 0.2903645932674408 0.8553240895271301 0.0390625 0.0347222238779068 
0 0.3463541865348816 0.8067129850387573 0.0598958358168602 0.0347222238779068 
0 0.337890625 0.7581018805503845 0.07421875 0.0347222238779068 
0 0.4583333432674408 0.7557870149612427 0.0911458358168602 0.030092593282461166 
0 0.4622395932674408 0.8020833134651184 0.09375 0.0347222238779068 
0 0.451171875 0.7037037014961243 0.0768229216337204 0.03703703731298447 
0 0.4544270932674408 0.8611111044883728 0.078125 0.032407406717538834 
0 0.54296875 0.8657407760620117 0.0390625 0.032407406717538834 
0 0.5462239980697632 0.8113425970077515 0.0403645858168602 0.0347222238779068 
0 0.5481771230697632 0.7604166865348816 0.0390625 0.0347222238779068 
0 0.56640625 0.7037037014961243 0.09375 0.03703703731298447 
0 0.65234375 0.7013888955116272 0.1588541716337204 0.0416666679084301 
0 0.6744791865348816 0.7546296119689941 0.0989583358168602 0.03703703731298447 
0 0.69140625 0.8113425970077515 0.0416666679084301 0.0347222238779068 
0 0.1875 0.9722222089767456 0.0989583358168602 0.05092592537403107 
0 0.0833333358168602 0.9768518805503845 0.0911458358168602 0.0416666679084301 
