0 0.205078125 0.019675925374031067 0.0950520858168602 0.039351850748062134 
0 0.333984375 0.0173611119389534 0.0846354216337204 0.0347222238779068 
0 0.4830729365348816 0.0173611119389534 0.0885416716337204 0.0347222238779068 
0 0.5807291865348816 0.04976851865649223 0.09375 0.039351850748062134 
0 0.708984375 0.04398148134350777 0.09765625 0.06018518656492233 
0 0.8138021230697632 0.05671296268701553 0.0885416716337204 0.0902777761220932 
0 0.8984375 0.0555555559694767 0.0729166716337204 0.1111111119389534 
0 0.9466146230697632 0.06481481343507767 0.0729166716337204 0.12962962687015533 
0 0.8287760615348816 0.13425925374031067 0.0481770858168602 0.0416666679084301 
0 0.701171875 0.12037037312984467 0.08203125 0.03703703731298447 
0 0.7141927480697632 0.15856482088565826 0.0403645858168602 0.0347222238779068 
0 0.5833333730697632 0.173611119389534 0.0833333358168602 0.03703703731298447 
0 0.4635416865348816 0.1770833283662796 0.09375 0.030092593282461166 
0 0.3444010615348816 0.17129629850387573 0.0768229216337204 0.03703703731298447 
0 0.240234375 0.17129629850387573 0.0403645858168602 0.03703703731298447 
0 0.4375 0.10995370149612427 0.0755208358168602 0.039351850748062134 
0 0.189453125 0.22685185074806213 0.05859375 0.032407406717538834 
0 0.3138020932674408 0.22106482088565826 0.0546875 0.0347222238779068 
0 0.39453125 0.21990740299224854 0.0390625 0.03703703731298447 
0 0.501953125 0.22453704476356506 0.07421875 0.032407406717538834 
0 0.61328125 0.2152777761220932 0.0546875 0.03703703731298447 
0 0.6393229365348816 0.2708333432674408 0.0755208358168602 0.03703703731298447 
0 0.7018229365348816 0.2118055522441864 0.0963541716337204 0.05787036940455437 
0 0.7513021230697632 0.26504629850387573 0.0755208358168602 0.04398148134350777 
0 0.8125 0.19675925374031067 0.1041666716337204 0.07407407462596893 
0 0.8763021230697632 0.18981482088565826 0.09375 0.15740740299224854 
0 0.8938802480697632 0.21990740299224854 0.0716145858168602 0.1111111119389534 
0 0.9479166865348816 0.2013888955116272 0.0755208358168602 0.1111111119389534 
0 0.8763021230697632 0.29629629850387573 0.0729166716337204 0.10648148506879807 
0 0.814453125 0.30092594027519226 0.0455729179084301 0.04629629850387573 
0 0.69921875 0.34375 0.0416666679084301 0.0347222238779068 
0 0.59765625 0.33912035822868347 0.0390625 0.0347222238779068 
0 0.525390625 0.3125 0.0924479216337204 0.06018518656492233 
0 0.4322916865348816 0.3333333432674408 0.0807291716337204 0.032407406717538834 
0 0.4680989682674408 0.28240740299224854 0.0924479216337204 0.02777777798473835 
0 0.36328125 0.27314814925193787 0.0390625 0.032407406717538834 
0 0.2252604216337204 0.27546295523643494 0.0572916679084301 0.032407406717538834 
0 0.3463541865348816 0.32754629850387573 0.0390625 0.030092593282461166 
0 0.19140625 0.38078704476356506 0.0546875 0.0347222238779068 
0 0.32421875 0.38310185074806213 0.078125 0.0347222238779068 
0 0.4264323115348816 0.3888888955116272 0.0950520858168602 0.02777777798473835 
0 0.5520833730697632 0.3865740895271301 0.0390625 0.032407406717538834 
0 0.6569010615348816 0.39004629850387573 0.1002604216337204 0.0347222238779068 
0 0.7701823115348816 0.375 0.0872395858168602 0.0555555559694767 
0 0.8873698115348816 0.3715277910232544 0.0481770858168602 0.0625 
0 0.9694010615348816 0.28125 0.05859375 0.1041666641831398 
0 0.9739583730697632 0.36574074625968933 0.0494791679084301 0.10648148506879807 
0 0.8834635615348816 0.4548611044883728 0.0768229216337204 0.07175926119089127 
0 0.7779948115348816 0.4861111044883728 0.0768229216337204 0.0416666679084301 
0 0.7825521230697632 0.43171295523643494 0.0755208358168602 0.0486111119389534 
0 0.65625 0.44212964177131653 0.0807291716337204 0.032407406717538834 
0 0.5514323115348816 0.43518519401550293 0.07421875 0.032407406717538834 
0 0.4375 0.4375 0.0807291716337204 0.02777777798473835 
0 0.3411458432674408 0.43287038803100586 0.0390625 0.032407406717538834 
0 0.2154947966337204 0.4375 0.1002604216337204 0.03703703731298447 
0 0.208984375 0.49074074625968933 0.1028645858168602 0.03703703731298447 
0 0.3229166865348816 0.4895833432674408 0.09375 0.0347222238779068 
0 0.4381510615348816 0.4895833432674408 0.07421875 0.0347222238779068 
0 0.55859375 0.49074074625968933 0.0729166716337204 0.032407406717538834 
0 0.6595052480697632 0.49189814925193787 0.0950520858168602 0.030092593282461166 
0 0.7493489980697632 0.5451388955116272 0.0950520858168602 0.0347222238779068 
0 0.9212239980697632 0.506944477558136 0.04296875 0.04629629850387573 
0 0.9524739980697632 0.5405092835426331 0.0872395858168602 0.09953703731298447 
0 0.8229166865348816 0.5914351940155029 0.09375 0.0347222238779068 
0 0.6555989980697632 0.600694477558136 0.0716145858168602 0.030092593282461166 
0 0.626953125 0.5497685074806213 0.0950520858168602 0.030092593282461166 
0 0.541015625 0.5995370149612427 0.06640625 0.032407406717538834 
0 0.54296875 0.5462962985038757 0.0494791679084301 0.02777777798473835 
0 0.4212239682674408 0.5439814925193787 0.07421875 0.032407406717538834 
0 0.4524739682674408 0.5960648059844971 0.07421875 0.030092593282461166 
0 0.3294270932674408 0.5972222089767456 0.09375 0.032407406717538834 
0 0.3111979365348816 0.5416666865348816 0.078125 0.032407406717538834 
0 0.2083333432674408 0.59375 0.1015625 0.0347222238779068 
0 0.2024739682674408 0.7013888955116272 0.0950520858168602 0.03703703731298447 
0 0.21875 0.7604166865348816 0.0572916679084301 0.030092593282461166 
0 0.1731770932674408 0.8113425970077515 0.09375 0.030092593282461166 
0 0.1881510466337204 0.8587962985038757 0.0924479216337204 0.032407406717538834 
0 0.2265625 0.9155092835426331 0.0963541716337204 0.039351850748062134 
0 0.24609375 0.975694477558136 0.078125 0.0347222238779068 
0 0.4095052182674408 0.975694477558136 0.0377604179084301 0.030092593282461166 
0 0.2975260615348816 0.8668981790542603 0.0794270858168602 0.030092593282461166 
0 0.33203125 0.8136574029922485 0.0390625 0.030092593282461166 
0 0.41796875 0.7627314925193787 0.0755208358168602 0.030092593282461166 
0 0.328125 0.7002314925193787 0.0989583358168602 0.039351850748062134 
0 0.326171875 0.6493055820465088 0.0950520858168602 0.0347222238779068 
0 0.4635416865348816 0.6481481790542603 0.0364583358168602 0.02777777798473835 
0 0.4407552182674408 0.7106481790542603 0.1002604216337204 0.032407406717538834 
0 0.57421875 0.7106481790542603 0.046875 0.02777777798473835 
0 0.5625 0.6504629850387573 0.0390625 0.02777777798473835 
0 0.6861979365348816 0.6516203880310059 0.0911458358168602 0.025462962687015533 
0 0.7884114980697632 0.6539351940155029 0.0924479216337204 0.030092593282461166 
0 0.6829427480697632 0.7094907164573669 0.0768229216337204 0.030092593282461166 
0 0.666015625 0.7777777910232544 0.0481770858168602 0.02777777798473835 
0 0.5403646230697632 0.7673611044883728 0.0755208358168602 0.030092593282461166 
0 0.4361979365348816 0.8668981790542603 0.0546875 0.030092593282461166 
0 0.4635416865348816 0.9201388955116272 0.0755208358168602 0.0347222238779068 
0 0.568359375 0.9085648059844971 0.0950520858168602 0.030092593282461166 
0 0.53125 0.8703703880310059 0.09375 0.0416666679084301 
0 0.6614583730697632 0.8692129850387573 0.0520833358168602 0.030092593282461166 
0 0.6731771230697632 0.8159722089767456 0.0416666679084301 0.030092593282461166 
0 0.7467448115348816 0.8182870149612427 0.09765625 0.030092593282461166 
0 0.7955729365348816 0.7627314925193787 0.0963541716337204 0.0347222238779068 
0 0.9173177480697632 0.7361111044883728 0.07421875 0.06481481343507767 
0 0.7740885615348816 0.7083333134651184 0.0950520858168602 0.032407406717538834 
0 0.90625 0.6886574029922485 0.046875 0.04398148134350777 
0 0.9850260615348816 0.5972222089767456 0.02734375 0.0694444477558136 
0 0.94921875 0.7650462985038757 0.078125 0.1041666641831398 
0 0.96484375 0.8252314925193787 0.0677083358168602 0.09490741044282913 
0 0.9811198115348816 0.8796296119689941 0.03515625 0.05092592537403107 
0 0.921875 0.9016203880310059 0.0416666679084301 0.0347222238779068 
0 0.802734375 0.913194477558136 0.0768229216337204 0.0347222238779068 
0 0.6842448115348816 0.9189814925193787 0.09765625 0.032407406717538834 
0 0.7447916865348816 0.8668981790542603 0.0989583358168602 0.030092593282461166 
0 0.857421875 0.8611111044883728 0.09765625 0.04629629850387573 
0 0.8515625 0.8125 0.09375 0.05092592537403107 
0 0.7356771230697632 0.96875 0.0989583358168602 0.0347222238779068 
0 0.873046875 0.975694477558136 0.0924479216337204 0.04398148134350777 
