0 0.037109375 0.0902777761220932 0.07421875 0.07870370149612427 
0 0.03059895895421505 0.1701388955116272 0.0611979179084301 0.0347222238779068 
0 0.0852864608168602 0.23379629850387573 0.0768229216337204 0.03703703731298447 
0 0.03059895895421505 0.28587964177131653 0.0611979179084301 0.0486111119389534 
0 0.1438802182674408 0.28125 0.0950520858168602 0.030092593282461166 
0 0.1171875 0.32870370149612427 0.046875 0.032407406717538834 
0 0.0774739608168602 0.3854166567325592 0.0794270858168602 0.0347222238779068 
0 0.0416666679084301 0.33217594027519226 0.0833333358168602 0.0486111119389534 
0 0.1145833358168602 0.43981480598449707 0.09375 0.032407406717538834 
0 0.0319010429084301 0.49884259700775146 0.0638020858168602 0.04398148134350777 
0 0.115234375 0.4965277910232544 0.09765625 0.030092593282461166 
0 0.0364583358168602 0.5578703880310059 0.0729166716337204 0.0416666679084301 
0 0.123046875 0.5474537014961243 0.0481770858168602 0.030092593282461166 
0 0.0397135429084301 0.6168981790542603 0.0794270858168602 0.0625 
0 0.1341145932674408 0.5983796119689941 0.0963541716337204 0.030092593282461166 
0 0.0299479179084301 0.6817129850387573 0.0598958358168602 0.0625 
0 0.111328125 0.6608796119689941 0.0768229216337204 0.04398148134350777 
0 0.014322916977107525 0.7673611044883728 0.02864583395421505 0.05324074253439903 
0 0.1067708358168602 0.7152777910232544 0.0755208358168602 0.05092592537403107 
0 0.1080729216337204 0.7731481790542603 0.0651041716337204 0.05092592537403107 
0 0.0325520858168602 0.8333333134651184 0.0651041716337204 0.1111111119389534 
0 0.076171875 0.8460648059844971 0.0455729179084301 0.0486111119389534 
0 0.03059895895421505 0.9363425970077515 0.0611979179084301 0.12268518656492233 
0 0.044921875 0.9618055820465088 0.04296875 0.05324074253439903 
0 0.1380208432674408 0.8831018805503845 0.0755208358168602 0.0486111119389534 
0 0.2493489682674408 0.8773148059844971 0.0768229216337204 0.03703703731298447 
0 0.1868489682674408 0.9328703880310059 0.0950520858168602 0.0555555559694767 
0 0.2669270932674408 0.9340277910232544 0.0390625 0.039351850748062134 
0 0.1888020932674408 0.8032407760620117 0.0390625 0.03703703731298447 
0 0.2311197966337204 0.7557870149612427 0.1002604216337204 0.0347222238779068 
0 0.2200520932674408 0.7060185074806213 0.0520833358168602 0.032407406717538834 
0 0.2291666716337204 0.6539351940155029 0.09375 0.030092593282461166 
0 0.2161458432674408 0.600694477558136 0.0494791679084301 0.030092593282461166 
0 0.2447916716337204 0.5462962985038757 0.0677083358168602 0.032407406717538834 
0 0.2102864682674408 0.49421295523643494 0.1263020932674408 0.0347222238779068 
0 0.2180989682674408 0.43865740299224854 0.1028645858168602 0.030092593282461166 
0 0.1764322966337204 0.37037038803100586 0.0481770858168602 0.032407406717538834 
0 0.2154947966337204 0.3298611044883728 0.0403645858168602 0.030092593282461166 
0 0.2272135466337204 0.2777777910232544 0.0533854179084301 0.032407406717538834 
0 0.193359375 0.2291666716337204 0.0768229216337204 0.03703703731298447 
0 0.1536458432674408 0.1805555522441864 0.0989583358168602 0.03703703731298447 
0 0.1028645858168602 0.1388888955116272 0.0494791679084301 0.0416666679084301 
0 0.2115885466337204 0.1215277761220932 0.04296875 0.039351850748062134 
0 0.3326823115348816 0.1041666641831398 0.07421875 0.03703703731298447 
0 0.3020833432674408 0.1666666716337204 0.0520833358168602 0.03703703731298447 
0 0.4401041865348816 0.1076388880610466 0.0520833358168602 0.0347222238779068 
0 0.4290364682674408 0.1666666716337204 0.07421875 0.03703703731298447 
0 0.5514323115348816 0.173611119389534 0.0794270858168602 0.03703703731298447 
0 0.5657552480697632 0.10648148506879807 0.0533854179084301 0.03703703731298447 
0 0.6861979365348816 0.10532407462596893 0.0572916679084301 0.039351850748062134 
0 0.6627604365348816 0.2291666716337204 0.0963541716337204 0.03703703731298447 
0 0.42578125 0.22800925374031067 0.0755208358168602 0.0347222238779068 
0 0.3216145932674408 0.236111119389534 0.0963541716337204 0.03703703731298447 
0 0.3509114682674408 0.28009259700775146 0.0794270858168602 0.032407406717538834 
0 0.4524739682674408 0.27893519401550293 0.0559895858168602 0.030092593282461166 
0 0.572265625 0.28009259700775146 0.0403645858168602 0.032407406717538834 
0 0.6959635615348816 0.28587964177131653 0.0846354216337204 0.0347222238779068 
0 0.6888021230697632 0.3368055522441864 0.09375 0.0347222238779068 
0 0.4622395932674408 0.3333333432674408 0.09375 0.032407406717538834 
0 0.35546875 0.33101850748062134 0.0963541716337204 0.032407406717538834 
0 0.2962239682674408 0.37962964177131653 0.0768229216337204 0.032407406717538834 
0 0.4147135615348816 0.38078704476356506 0.0846354216337204 0.0347222238779068 
0 0.3151041865348816 0.43634259700775146 0.046875 0.025462962687015533 
0 0.4466145932674408 0.43634259700775146 0.0963541716337204 0.0347222238779068 
0 0.556640625 0.3854166567325592 0.0403645858168602 0.030092593282461166 
0 0.6731771230697632 0.38773149251937866 0.0963541716337204 0.039351850748062134 
0 0.685546875 0.4444444477558136 0.0950520858168602 0.03703703731298447 
0 0.5611979365348816 0.44328704476356506 0.0989583358168602 0.04398148134350777 
0 0.69140625 0.4965277910232544 0.0989583358168602 0.039351850748062134 
0 0.5625 0.49421295523643494 0.09375 0.039351850748062134 
0 0.3372395932674408 0.49884259700775146 0.078125 0.030092593282461166 
0 0.3333333432674408 0.5486111044883728 0.0755208358168602 0.032407406717538834 
0 0.4381510615348816 0.5520833134651184 0.05078125 0.0347222238779068 
0 0.3411458432674408 0.5983796119689941 0.0755208358168602 0.030092593282461166 
0 0.3307291865348816 0.6574074029922485 0.0755208358168602 0.032407406717538834 
0 0.3372395932674408 0.7129629850387573 0.0755208358168602 0.032407406717538834 
0 0.3463541865348816 0.7604166865348816 0.0598958358168602 0.0347222238779068 
0 0.2903645932674408 0.8090277910232544 0.0390625 0.0347222238779068 
0 0.3639323115348816 0.8344907760620117 0.0924479216337204 0.0625 
0 0.4205729365348816 0.8634259104728699 0.09375 0.032407406717538834 
0 0.3678385615348816 0.9189814925193787 0.0377604179084301 0.032407406717538834 
0 0.419921875 0.9699074029922485 0.08203125 0.032407406717538834 
0 0.3151041865348816 0.9710648059844971 0.1015625 0.039351850748062134 
0 0.4947916865348816 0.9259259104728699 0.0390625 0.03703703731298447 
0 0.5247396230697632 0.8738425970077515 0.0390625 0.0347222238779068 
0 0.544921875 0.9768518805503845 0.0768229216337204 0.0416666679084301 
0 0.58203125 0.9259259104728699 0.0416666679084301 0.03703703731298447 
0 0.6490885615348816 0.9780092835426331 0.0403645858168602 0.039351850748062134 
0 0.6946614980697632 0.9189814925193787 0.0481770858168602 0.032407406717538834 
0 0.6634114980697632 0.8715277910232544 0.0559895858168602 0.0347222238779068 
0 0.69140625 0.7662037014961243 0.0416666679084301 0.032407406717538834 
0 0.6744791865348816 0.7094907164573669 0.0989583358168602 0.039351850748062134 
0 0.6796875 0.6550925970077515 0.1015625 0.03703703731298447 
0 0.5787760615348816 0.5995370149612427 0.09765625 0.03703703731298447 
0 0.5755208730697632 0.5509259104728699 0.1041666716337204 0.0416666679084301 
0 0.453125 0.6018518805503845 0.0755208358168602 0.032407406717538834 
0 0.451171875 0.6585648059844971 0.0768229216337204 0.0347222238779068 
0 0.5455729365348816 0.65625 0.0520833358168602 0.0347222238779068 
0 0.5481771230697632 0.7141203880310059 0.0390625 0.0347222238779068 
0 0.5462239980697632 0.7650462985038757 0.0403645858168602 0.0347222238779068 
0 0.5481771230697632 0.819444477558136 0.0494791679084301 0.032407406717538834 
0 0.4537760615348816 0.8148148059844971 0.0768229216337204 0.032407406717538834 
0 0.4563802182674408 0.7557870149612427 0.0846354216337204 0.0347222238779068 
0 0.4518229365348816 0.7106481790542603 0.078125 0.02777777798473835 
